Case 32 0.3125
4 2 6 6 2 4 2 6 2 2 2 4 6 6 2 2 12 4 2 2 4 2 4 2 4 14 4 4 6 2 2 2 2 10 2 4 4 2 4 6 4 4 2 2 2 6 4 2 2 2 2 2 4 4 4 6 2 4 6 8 4 14 8 2 2 2 2 10 2 2 2 6 2 8 2 2 2 2 6 2 12 2 4 10 2 2 4 4 4 2 2 2 2 2 4 4 6 4 2 2 
Case 32 0.5
2 4 2 6 2 2 2 2 6 2 2 4 4 4 2 4 2 4 6 2 4 2 2 2 8 6 2 2 2 2 4 2 4 4 2 6 12 4 2 2 2 2 2 6 2 8 2 6 6 2 4 2 2 2 4 2 6 2 2 2 4 4 2 2 4 4 2 2 2 6 2 2 6 2 2 2 4 6 2 4 2 2 2 2 2 6 2 2 2 10 2 2 2 2 2 2 4 4 2 2 
Case 32 0.6875
4 2 8 2 2 2 2 2 2 2 4 2 2 8 2 4 4 2 2 4 4 6 6 2 2 2 6 2 2 10 6 2 4 12 2 4 2 2 2 2 2 6 2 4 12 2 12 2 2 4 2 6 8 2 6 2 6 4 6 2 2 2 6 4 4 2 4 6 2 6 6 4 2 4 2 4 4 2 2 2 8 6 8 6 4 2 2 8 2 2 2 2 4 2 2 4 2 4 2 2 
Case 64 0.15625
6 4 4 6 2 2 2 2 2 2 4 4 2 8 8 4 2 2 4 6 2 6 6 4 2 16 2 6 2 4 4 2 4 2 2 2 4 2 4 8 4 2 4 2 4 2 8 2 2 2 2 6 4 2 4 2 2 6 8 8 2 4 6 4 2 2 10 4 2 6 4 2 2 2 16 2 4 4 2 2 2 16 2 4 4 2 4 6 2 12 2 8 8 2 10 4 4 10 4 2 
Case 64 0.25
2 8 2 2 4 2 2 6 2 4 2 2 4 10 2 2 2 12 2 2 10 4 2 2 10 2 2 4 2 6 4 2 2 6 2 2 4 2 2 6 4 2 4 2 2 4 4 4 2 8 2 2 2 2 2 6 2 2 2 2 12 6 2 2 4 2 2 4 6 2 2 4 4 2 2 4 4 2 2 4 2 8 4 2 6 2 6 4 2 6 2 4 4 4 4 2 6 2 4 2 
Case 64 0.5
6 2 2 8 2 2 4 2 2 2 2 2 4 6 2 2 2 2 2 2 4 2 4 2 2 4 4 2 2 4 4 4 2 6 4 4 2 2 4 2 2 2 2 2 2 4 2 2 2 2 2 2 4 2 2 6 2 4 2 2 4 2 8 2 2 2 2 2 4 2 6 2 2 2 2 6 2 4 2 2 2 2 2 2 2 2 2 2 2 2 4 2 2 10 4 4 2 10 2 2 
Case 64 0.75
2 2 6 4 6 2 2 16 2 2 2 4 10 14 2 2 10 2 2 4 8 6 2 2 4 6 10 2 2 6 2 2 2 2 6 6 2 2 8 6 2 6 4 4 2 2 2 2 4 2 4 2 4 4 4 4 2 2 4 4 4 2 2 10 4 2 2 2 4 2 2 4 2 2 2 8 2 2 4 8 2 4 4 4 2 2 10 4 6 2 10 4 4 2 2 4 2 4 2 2 
Case 64 0.84375
2 8 2 2 4 2 12 4 2 2 8 2 2 2 4 8 2 6 14 10 4 2 10 2 8 2 2 2 4 2 2 6 2 6 2 2 2 2 6 4 2 8 2 6 2 2 2 2 2 2 2 2 6 2 4 6 2 6 4 2 4 2 2 8 2 10 4 2 2 8 4 4 2 8 2 2 6 6 4 10 4 8 2 4 2 2 2 2 4 2 2 2 2 2 2 2 6 2 4 4 
Case 128 0.078125
2 2 2 2 6 4 2 4 4 2 14 4 2 2 8 2 2 4 4 4 4 8 8 4 2 22 2 4 4 4 2 2 2 4 10 2 2 2 4 4 8 2 2 4 4 2 2 2 2 2 2 4 4 4 2 6 6 6 4 4 2 4 4 2 4 4 6 6 2 10 4 6 2 2 4 10 4 2 4 12 2 2 2 8 2 10 2 2 2 2 4 2 4 4 2 2 2 2 2 6 
Case 128 0.125
2 4 4 8 2 6 6 2 2 2 2 4 4 2 8 2 4 2 10 2 6 6 2 4 6 2 2 6 6 2 4 2 4 2 2 6 2 4 4 2 2 12 2 2 2 2 8 8 8 2 2 6 4 10 10 2 2 2 2 2 4 6 4 2 2 4 2 6 2 2 4 4 4 2 2 2 4 2 2 2 2 2 2 6 6 4 2 6 2 6 4 2 2 2 2 2 4 2 2 4 
Case 128 0.25
2 6 6 4 4 4 4 2 4 2 2 2 2 2 4 4 2 8 6 2 2 2 2 2 2 2 4 2 2 2 8 2 2 8 2 2 4 2 2 10 4 2 4 6 2 2 4 4 2 6 2 2 2 2 4 8 4 2 2 4 4 4 4 2 4 2 12 2 2 2 2 2 12 2 2 2 4 4 4 6 2 2 8 2 2 10 2 2 2 2 4 12 2 2 2 2 2 2 4 2 
Case 128 0.5
2 8 2 4 2 4 2 2 2 2 8 2 2 2 4 4 2 2 2 6 2 2 2 2 2 2 2 8 2 2 2 2 2 2 2 2 6 2 2 2 4 2 4 6 2 2 6 6 2 6 2 2 2 2 2 2 2 2 2 4 2 2 4 2 2 2 4 2 4 2 4 6 2 2 2 2 2 8 4 2 2 2 2 2 2 4 2 6 2 2 6 2 12 2 2 4 4 4 2 6 
Case 128 0.75
4 2 2 2 2 2 2 12 2 2 6 2 2 2 6 2 2 4 4 2 2 2 4 2 2 2 2 4 2 2 4 2 2 4 2 2 4 2 2 2 4 2 4 4 2 2 2 2 2 2 6 4 6 4 2 4 2 2 2 2 2 2 2 2 2 2 2 6 2 4 2 2 2 2 2 6 4 2 2 2 2 2 6 4 2 4 2 10 2 2 2 4 2 4 4 2 4 4 4 4 
Case 128 0.875
2 4 2 4 4 4 2 4 2 2 4 2 2 4 2 4 4 8 6 4 2 2 4 2 2 4 2 2 6 2 4 2 2 6 2 2 2 2 14 4 2 2 2 2 4 8 2 4 4 2 4 2 2 4 2 2 2 10 8 4 2 2 2 2 2 6 4 2 4 2 2 2 2 2 2 2 2 2 2 2 2 4 2 2 2 2 2 4 2 2 2 6 2 2 2 2 4 2 4 8 
Case 128 0.921875
2 8 6 2 2 2 2 6 2 2 4 2 2 2 2 4 6 2 2 4 6 4 4 2 6 8 2 10 2 4 6 4 2 4 4 2 4 4 2 6 2 6 2 4 10 6 6 6 4 6 6 4 8 2 4 4 12 2 2 4 4 2 6 6 2 2 4 10 8 2 2 4 4 2 2 4 2 2 4 2 2 4 6 4 2 2 8 2 2 2 2 6 6 2 2 2 2 2 4 2 
Case 256 0.0390625
4 8 8 4 2 4 4 2 4 2 4 4 2 6 8 6 4 6 2 8 12 2 2 2 2 6 8 2 4 6 2 2 6 6 2 6 2 10 4 12 4 4 2 4 4 2 2 2 4 4 2 4 2 4 12 2 4 2 2 4 6 2 2 4 2 4 2 2 2 2 2 2 2 12 2 4 6 2 2 2 4 2 2 6 2 2 10 4 6 8 6 2 2 4 4 6 2 4 4 2 
Case 256 0.0625
2 2 2 6 4 2 2 2 4 4 4 2 2 4 4 2 2 4 2 2 4 2 2 2 4 2 2 2 2 4 2 2 2 4 2 2 2 8 2 2 8 6 12 2 2 2 2 2 2 2 2 2 2 2 6 6 8 2 2 12 2 2 6 12 2 4 2 2 2 2 6 2 2 2 4 6 2 6 2 4 2 2 4 2 2 2 4 4 6 2 8 2 6 4 2 2 2 10 4 2 
Case 256 0.125
2 2 4 4 2 2 2 2 2 2 8 8 2 2 2 2 6 2 2 2 2 2 6 2 4 2 2 2 4 4 2 6 4 4 2 2 2 2 2 6 8 6 2 6 2 4 6 2 6 2 4 2 2 2 2 8 4 2 2 2 2 2 4 2 8 4 2 6 8 2 6 2 2 4 2 4 2 2 2 4 2 2 4 4 2 2 2 2 8 2 2 6 2 2 2 2 4 2 8 2 
Case 256 0.25
4 6 2 2 2 2 2 4 6 4 2 2 4 2 2 2 2 2 2 4 2 4 10 2 2 2 2 2 2 2 4 4 2 2 2 4 4 2 2 2 2 4 2 2 2 2 2 4 4 4 4 6 2 4 2 2 4 4 4 2 2 4 4 2 2 2 2 2 4 2 2 6 2 4 2 2 4 2 2 2 2 4 2 2 2 2 2 2 2 4 2 2 2 2 6 8 4 2 4 2 
Case 256 0.5
4 4 2 2 2 6 2 2 2 2 2 2 2 4 2 2 2 2 6 2 2 4 2 2 2 2 2 2 2 2 6 4 2 2 2 2 4 2 2 2 2 2 2 4 4 2 2 2 2 2 2 2 2 2 2 2 2 2 2 4 6 2 2 2 2 2 2 4 2 2 2 4 2 2 2 2 4 2 2 4 2 2 2 2 2 2 6 2 2 4 2 6 6 2 6 2 2 2 2 4 
Case 256 0.75
2 2 2 2 2 2 2 2 2 2 2 4 2 2 2 4 2 2 2 4 2 6 2 2 4 6 8 2 4 2 2 2 4 4 2 2 2 4 2 2 2 2 2 2 6 2 2 4 2 2 2 2 2 2 2 2 4 2 2 2 2 2 2 2 2 2 2 2 2 2 2 2 2 2 2 2 2 4 2 2 2 4 2 4 2 2 2 4 2 2 2 2 2 4 2 6 2 2 2 2 
Case 256 0.875
2 4 12 2 2 6 4 12 2 6 4 4 2 6 2 2 2 2 4 4 2 8 2 2 2 2 2 2 2 4 4 2 2 2 6 2 2 2 4 2 2 2 4 2 4 2 2 2 4 2 2 2 2 4 2 2 4 6 4 4 4 2 4 2 2 2 8 2 4 2 2 4 2 4 2 2 2 2 2 4 2 6 2 2 6 2 2 6 4 2 2 2 4 2 2 2 2 2 2 2 
Case 256 0.9375
2 4 6 2 2 2 2 2 2 2 4 6 4 2 4 10 2 4 4 4 2 2 2 2 2 2 4 2 2 2 8 2 2 6 4 2 2 4 2 2 2 4 4 2 6 4 4 2 2 2 4 2 2 4 6 2 4 2 6 2 2 2 2 6 10 14 2 2 4 4 2 2 2 6 2 4 2 4 10 8 2 2 6 2 2 2 2 2 2 8 8 6 2 2 6 2 6 2 2 2 
Case 256 0.9609375
4 2 2 2 2 2 10 10 6 6 2 2 2 2 2 8 2 6 4 2 4 4 4 6 4 6 2 2 4 4 4 6 6 2 6 2 2 2 2 2 6 6 6 2 6 4 4 4 2 18 4 2 4 2 2 2 2 2 6 4 2 4 2 2 6 6 2 2 2 2 2 8 2 2 2 2 6 4 2 2 10 6 2 2 6 2 2 2 2 6 2 2 12 4 2 6 10 2 2 6 
Case 512 0.01953125
2 2 2 2 2 2 2 4 6 4 2 2 2 4 10 2 2 2 2 4 2 4 8 8 2 8 6 2 4 4 2 2 6 8 2 8 2 6 2 4 2 12 10 2 2 4 2 6 2 4 4 2 4 8 2 4 4 4 2 2 6 10 6 2 12 2 2 2 4 8 2 2 2 4 2 2 4 2 6 2 2 10 6 4 8 2 2 8 4 6 4 6 2 6 8 2 2 8 2 2 
Case 512 0.03125
12 20 2 4 2 2 4 2 2 6 2 2 8 2 12 4 4 2 6 2 2 2 4 2 4 2 2 2 4 2 4 4 2 4 4 2 4 6 2 2 4 2 8 2 4 4 2 8 2 6 4 2 2 8 2 8 4 6 6 6 2 2 4 2 8 4 4 2 4 2 2 6 4 2 2 2 2 2 2 2 4 2 2 2 4 4 2 2 4 4 4 2 2 2 2 2 2 2 2 2 
Case 512 0.0625
4 2 2 2 4 2 2 2 6 2 2 10 2 2 2 2 2 2 2 2 4 4 6 2 2 2 2 2 2 2 2 2 4 8 4 2 2 2 4 2 4 2 2 2 2 2 2 2 2 8 2 2 2 2 4 4 2 2 6 2 2 4 2 2 2 4 4 2 4 2 6 4 4 2 2 2 4 2 2 2 4 2 2 2 4 2 4 4 4 2 2 2 2 2 4 2 2 2 4 2 
Case 512 0.125
2 2 2 2 2 2 2 4 2 2 4 2 4 4 2 4 2 2 2 2 2 2 2 4 2 2 8 2 2 2 2 2 4 2 2 2 2 2 2 2 2 2 6 4 4 4 2 2 2 2 2 2 4 4 2 6 8 2 2 6 6 2 2 2 2 2 2 2 2 2 2 2 2 2 2 6 4 6 2 2 2 2 4 2 6 2 2 6 2 6 2 2 2 2 2 4 2 2 2 2 
Case 512 0.25
4 2 2 2 2 2 2 2 8 6 2 2 2 6 6 2 2 2 2 2 2 2 2 2 2 2 2 2 2 2 2 2 2 2 4 2 2 2 2 2 2 2 4 8 2 2 2 2 6 2 2 2 2 2 4 4 6 4 2 4 2 2 6 2 2 2 2 4 4 2 2 2 6 4 2 2 2 2 4 2 10 2 2 2 4 4 4 2 2 2 2 4 2 4 4 2 8 6 2 4 
Case 512 0.5
2 2 2 6 2 2 2 2 2 2 4 2 2 2 2 2 2 2 4 2 4 4 2 4 2 2 2 2 2 4 2 2 2 4 4 2 2 6 4 2 2 2 2 2 2 4 4 2 4 4 2 2 2 2 2 4 2 2 2 2 2 2 2 2 2 2 2 4 2 2 2 2 2 4 2 2 2 2 2 4 2 2 6 2 2 2 2 2 4 2 2 2 2 2 2 2 2 2 6 2 
Case 512 0.75
6 2 2 4 2 2 2 2 2 6 4 2 4 2 2 4 4 2 4 2 2 4 2 2 2 2 2 2 2 2 2 2 4 2 2 2 6 2 2 4 2 2 2 4 4 4 2 4 2 2 2 2 4 4 2 2 2 2 2 4 2 2 2 2 2 2 2 4 2 2 2 2 2 2 2 2 2 2 4 2 2 4 2 2 4 2 2 2 2 4 2 2 2 2 2 2 4 4 2 2 
Case 512 0.875
2 2 2 4 4 4 4 2 2 2 2 2 4 6 2 2 2 2 2 6 2 2 2 6 2 2 2 6 2 2 2 2 2 2 2 2 2 2 4 4 4 2 2 2 2 4 2 2 4 2 2 2 2 2 2 2 2 2 4 2 2 4 4 2 2 4 2 2 2 2 4 2 4 4 2 2 2 2 2 6 2 2 6 2 2 2 2 6 4 6 2 2 4 2 2 6 2 2 2 4 
Case 512 0.9375
2 2 2 4 4 2 2 4 2 2 2 2 2 2 4 4 2 4 2 4 6 2 2 2 2 2 2 2 2 2 2 2 2 2 2 2 2 2 2 2 4 2 10 2 2 2 2 2 2 2 2 6 2 2 6 2 2 16 2 4 2 4 2 2 2 2 2 2 2 4 8 2 8 6 2 4 2 2 8 2 4 2 8 2 2 2 2 2 2 2 2 4 4 2 2 2 2 2 2 2 
Case 512 0.96875
2 4 2 2 4 2 2 4 2 4 4 4 2 4 2 4 2 2 4 2 2 2 2 2 2 2 2 6 2 2 2 4 4 2 4 2 2 6 2 2 4 4 4 2 2 4 4 4 2 2 2 2 2 4 2 2 4 2 2 2 6 10 2 2 2 6 2 6 2 4 2 2 2 4 2 4 6 4 2 2 2 2 2 2 6 2 2 4 6 2 2 2 2 10 4 4 2 2 6 6 
Case 512 0.98046875
4 6 2 2 4 6 8 4 8 2 4 8 6 4 2 2 8 2 2 2 10 4 2 2 2 6 2 2 8 4 6 4 2 2 2 4 2 2 4 4 4 2 2 2 6 2 2 2 4 2 2 4 8 6 2 2 2 2 4 2 4 6 4 8 4 2 20 4 4 4 2 2 4 2 2 2 6 2 2 12 4 4 2 8 6 2 6 2 6 4 4 2 4 4 2 2 6 2 6 4 
Case 1024 0.009765625
4 2 2 4 2 4 2 6 14 8 2 2 4 2 4 10 6 4 2 2 4 2 10 4 4 2 4 2 4 2 4 2 16 2 2 10 2 4 8 6 8 8 8 2 2 2 6 6 4 2 6 4 2 6 2 10 2 2 2 4 2 2 2 6 2 16 8 2 6 4 2 2 2 2 10 2 2 2 6 2 2 4 2 2 4 2 2 2 2 2 2 4 6 2 2 2 4 4 4 4 
Case 1024 0.015625
2 2 2 8 2 4 2 2 2 2 2 6 4 2 2 2 2 2 4 4 8 4 4 4 2 2 6 2 2 4 4 2 6 2 4 4 2 2 8 4 2 2 2 6 2 6 4 2 2 2 4 2 2 2 4 2 8 4 2 4 4 4 4 4 6 2 4 8 2 2 2 10 2 4 4 2 2 2 6 2 4 2 2 8 2 2 4 2 2 2 4 10 2 6 4 2 2 2 2 8 
Case 1024 0.03125
2 4 2 4 4 2 2 4 4 2 2 4 4 6 2 2 2 2 2 4 2 2 4 2 2 2 8 2 2 4 2 2 2 2 2 2 2 6 2 2 2 2 2 4 2 2 2 2 2 4 6 4 2 4 6 4 4 2 4 2 2 2 2 2 2 2 2 2 2 2 6 2 2 2 4 2 4 2 2 2 10 4 2 4 2 2 2 4 2 2 4 2 2 2 4 2 2 2 2 4 
Case 1024 0.0625
4 4 2 2 2 2 2 4 2 4 2 4 2 2 4 2 2 2 2 2 4 2 2 2 4 2 2 4 2 2 2 2 2 2 2 8 2 4 2 2 4 2 2 4 2 2 2 2 2 4 4 2 2 2 2 2 2 6 4 4 2 4 2 2 4 2 2 2 8 2 2 4 2 2 2 2 4 2 2 2 2 4 2 2 4 4 2 2 2 4 2 2 2 2 2 4 4 4 2 2 
Case 1024 0.125
2 2 4 2 2 2 2 2 2 2 2 2 2 4 4 4 2 2 2 2 2 2 2 2 2 2 4 2 4 2 2 2 2 2 2 2 2 2 2 2 2 2 2 2 2 2 2 2 2 2 2 2 4 2 2 2 2 2 2 2 2 2 4 2 2 2 6 2 2 4 2 2 2 2 2 2 2 4 2 2 2 2 2 2 2 2 2 10 2 4 2 2 2 2 2 2 2 4 4 4 
Case 1024 0.25
2 2 2 2 2 2 2 2 2 2 2 2 2 2 2 2 2 2 2 2 2 2 2 2 2 6 2 2 2 2 2 4 2 6 2 4 2 2 2 2 4 2 2 2 2 2 2 2 2 2 2 2 2 2 2 2 2 2 2 2 2 2 2 2 2 2 4 2 2 4 2 2 2 2 2 2 2 6 2 2 2 2 2 2 2 2 2 2 2 2 2 2 2 4 2 2 2 2 4 2 
Case 1024 0.5
6 2 2 2 2 4 2 2 2 2 2 2 2 2 4 2 2 2 2 4 2 2 2 2 2 2 2 2 2 2 2 2 2 2 4 2 2 2 2 2 2 2 2 2 6 2 2 2 2 2 2 2 2 2 4 2 2 2 4 2 2 2 2 4 2 2 2 2 2 2 2 2 2 2 4 2 2 2 2 4 2 2 4 2 2 2 2 2 2 2 2 2 2 2 2 2 2 2 2 2 
Case 1024 0.75
2 2 2 2 2 2 2 2 2 2 2 2 2 2 2 2 2 4 2 2 4 2 2 2 4 4 2 2 4 2 2 2 2 2 2 2 4 4 2 2 2 2 2 6 2 2 2 2 2 2 2 4 2 2 2 2 2 2 2 2 4 2 2 2 2 2 2 2 2 2 2 2 2 2 2 2 2 2 2 2 4 2 2 2 2 2 2 2 2 2 2 2 2 2 2 2 2 2 2 2 
Case 1024 0.875
4 8 2 2 2 2 2 4 4 4 4 4 2 2 2 2 2 2 2 2 2 2 2 2 2 2 2 4 2 2 4 2 2 2 2 4 4 2 4 4 2 2 2 4 2 2 4 2 2 2 2 2 2 2 2 4 2 4 2 4 2 4 4 4 4 2 2 2 2 2 2 2 2 2 2 2 2 2 2 2 6 2 4 4 2 2 2 2 2 2 2 2 2 2 2 2 6 2 2 2 
Case 1024 0.9375
8 8 2 6 2 2 4 4 4 2 4 2 4 2 4 2 6 2 2 2 2 4 2 2 2 2 2 2 4 2 2 4 2 2 2 2 2 4 2 2 2 2 4 2 2 2 2 2 2 2 2 2 2 2 2 2 2 2 2 2 2 6 4 2 2 2 2 2 2 2 2 2 2 2 2 2 4 4 2 4 2 2 4 2 4 2 2 6 2 2 2 2 6 8 8 2 2 2 6 4 
Case 1024 0.96875
8 4 2 2 2 4 2 4 2 2 2 4 8 2 10 2 8 4 2 2 2 2 2 2 2 2 2 2 2 6 2 2 2 2 4 6 2 4 4 2 2 2 4 2 2 6 2 2 2 2 8 2 2 6 2 2 2 4 4 2 4 6 4 2 2 2 4 2 2 2 2 6 2 2 2 6 2 2 2 2 2 2 2 2 2 4 2 2 2 2 2 2 2 4 2 2 2 4 4 4 
Case 1024 0.984375
6 2 2 2 2 4 2 4 4 4 6 10 2 2 4 2 6 4 4 2 2 2 4 4 2 4 4 2 4 2 4 2 2 2 6 6 2 2 2 4 2 4 4 4 8 2 2 4 8 2 2 2 2 4 8 6 2 4 4 2 2 4 2 2 2 2 2 2 2 4 2 6 6 2 2 4 2 4 2 6 2 2 2 2 2 2 2 2 2 2 20 4 2 2 2 2 2 2 4 2 
Case 1024 0.990234375
2 2 4 4 2 2 6 2 8 2 6 2 4 2 2 4 4 2 4 2 4 4 4 2 2 2 4 8 2 2 6 16 2 2 2 2 2 4 6 2 4 4 2 2 2 2 2 2 4 2 2 10 2 2 4 2 4 2 2 2 2 4 2 2 4 4 6 4 4 2 2 2 2 2 2 6 2 8 4 4 2 4 6 8 2 2 2 2 6 10 2 4 4 2 2 6 4 2 4 2 
Case 2048 0.0048828125
4 2 4 2 14 2 4 4 4 2 2 2 4 4 2 2 2 2 6 2 2 4 2 4 2 2 2 6 10 2 4 6 6 8 2 4 4 4 4 2 2 2 2 4 2 2 2 2 2 2 8 4 2 2 2 4 2 2 10 2 2 12 2 2 10 6 2 2 2 2 2 8 2 6 2 6 4 4 4 2 4 2 4 6 4 6 4 4 4 8 2 2 4 2 4 2 4 4 2 4 
Case 2048 0.0078125
2 2 8 2 2 2 6 2 2 2 2 2 2 2 4 2 6 6 8 4 4 2 4 2 4 2 4 2 2 2 2 2 2 2 2 6 2 2 4 2 2 2 2 2 6 4 2 2 2 2 2 2 8 4 2 2 2 8 6 4 2 8 12 4 6 2 8 2 2 6 10 2 4 8 2 4 6 2 6 2 6 2 4 2 8 2 8 2 2 2 2 2 2 4 4 4 2 2 2 8 
Case 2048 0.015625
2 4 6 2 2 4 4 4 2 2 4 2 4 6 2 4 2 4 2 4 4 2 2 2 2 2 2 2 2 2 4 4 2 10 2 4 4 4 2 2 2 2 2 2 2 2 2 2 2 6 2 2 4 2 4 2 6 2 4 4 2 2 2 2 2 2 2 2 8 8 4 2 2 2 2 2 2 2 2 2 4 4 2 2 2 2 6 2 4 2 8 2 2 2 2 2 4 4 2 2 
Case 2048 0.03125
2 2 4 2 2 2 4 2 4 4 2 2 4 2 2 2 4 4 2 2 4 2 2 4 4 4 2 4 2 2 2 2 2 4 2 2 2 2 4 2 4 2 4 2 2 2 2 4 2 2 2 2 2 4 2 6 2 2 4 2 2 2 2 2 2 2 2 2 2 2 2 6 2 6 2 2 4 4 2 2 2 2 4 2 2 2 2 2 2 2 4 2 6 2 4 2 4 2 4 6 
Case 2048 0.0625
2 2 2 6 6 2 4 2 2 4 2 2 2 2 2 2 2 4 2 2 2 2 6 2 4 2 2 2 2 4 4 4 2 2 2 2 2 2 2 2 2 6 2 2 2 2 2 2 2 2 2 4 2 2 2 4 2 2 2 2 2 2 2 2 2 2 2 2 2 2 2 4 2 2 2 4 2 2 2 4 2 2 2 2 2 2 2 4 2 2 2 2 2 2 2 2 2 2 2 2 
Case 2048 0.125
2 2 4 2 2 4 2 2 2 2 2 2 2 2 2 2 2 2 2 2 2 2 2 2 2 2 2 2 4 2 2 2 2 2 2 4 2 2 4 4 2 2 2 2 2 2 2 2 2 2 2 4 2 2 2 2 2 2 2 2 2 2 2 2 4 2 2 2 2 2 4 2 2 2 2 2 2 2 2 2 6 2 2 2 2 2 2 2 4 2 2 2 2 2 2 2 2 2 2 2 
Case 2048 0.25
2 2 2 2 2 2 4 2 2 2 2 4 4 2 2 2 2 4 2 2 2 2 2 2 2 2 2 2 2 2 2 2 2 2 2 2 4 2 2 2 2 4 4 2 2 2 2 4 2 4 2 2 2 6 2 2 2 2 2 2 4 2 2 2 2 2 2 2 2 2 2 2 2 2 2 2 4 2 2 2 2 2 2 2 2 2 2 2 6 4 2 2 4 2 2 2 2 2 4 2 
Case 2048 0.5
2 2 2 2 2 2 2 2 4 2 2 2 2 2 4 2 4 2 2 2 4 2 4 2 2 4 2 4 2 4 2 2 2 2 2 2 2 2 2 2 2 2 2 2 4 2 2 2 2 2 2 2 2 2 2 2 2 2 2 2 2 2 2 2 2 2 2 2 4 2 6 2 2 2 4 2 2 2 2 2 2 2 2 2 2 2 2 2 2 2 2 4 2 2 2 2 2 2 2 2 
Case 2048 0.75
2 2 2 2 2 2 2 2 2 4 2 2 2 2 2 2 2 2 2 2 2 2 2 2 2 2 2 2 4 2 2 2 2 2 4 2 2 4 2 2 2 2 2 2 2 6 2 2 4 2 2 2 2 2 2 2 2 2 2 2 2 2 2 2 2 2 2 2 2 2 2 2 2 2 2 2 2 2 2 2 2 2 2 2 4 4 2 4 2 2 2 2 2 2 2 2 2 2 2 2 
Case 2048 0.875
2 2 4 4 2 2 2 2 2 2 2 2 2 2 2 2 2 2 2 2 2 2 2 2 2 2 4 2 6 2 2 2 2 2 2 2 2 2 2 2 2 2 2 4 4 2 2 2 2 4 4 2 2 2 2 2 2 2 2 2 4 2 2 2 2 4 2 2 2 2 2 4 2 2 2 2 2 2 2 2 4 4 2 4 2 2 2 2 4 2 6 4 2 2 2 2 2 2 2 2 
Case 2048 0.9375
4 2 2 4 2 2 4 2 2 2 2 2 2 2 2 2 2 2 2 6 2 2 2 2 2 2 4 2 2 2 2 2 2 2 2 2 2 2 2 6 2 2 2 2 2 2 2 2 4 4 2 2 2 2 2 2 2 2 2 4 2 2 2 2 4 2 2 4 2 2 2 2 4 2 2 2 2 2 2 2 2 2 6 2 2 2 4 2 2 2 4 2 2 2 2 2 2 4 2 2 
Case 2048 0.96875
4 2 2 2 4 2 2 2 2 2 4 6 4 2 2 2 2 4 2 2 4 2 2 2 2 2 2 2 2 2 4 2 2 2 2 2 4 2 4 2 2 4 2 2 2 2 2 4 2 2 2 2 2 6 6 6 2 2 2 2 2 8 4 2 2 4 2 4 2 4 2 8 4 2 2 2 2 2 2 6 2 2 2 2 2 2 2 4 2 2 2 4 4 2 2 6 2 2 4 2 
Case 2048 0.984375
2 2 2 6 10 2 2 2 2 2 2 6 2 4 2 2 2 2 4 2 2 2 2 2 6 2 2 2 6 2 2 12 2 2 2 2 8 4 2 2 4 6 2 2 2 4 6 4 4 2 2 2 2 2 6 2 2 2 2 2 4 2 2 2 2 2 2 4 2 6 4 4 2 4 4 2 2 2 2 2 2 2 4 6 2 2 2 2 2 2 2 2 4 6 2 2 4 4 2 4 
Case 2048 0.9921875
4 4 4 2 2 8 2 6 2 8 2 2 10 4 8 2 2 2 2 6 2 6 4 4 2 2 2 8 2 2 4 4 4 6 2 2 2 2 2 2 6 2 6 4 2 2 6 4 2 2 4 2 2 2 2 2 2 2 2 4 4 2 2 6 4 2 2 2 4 2 6 4 4 4 4 4 4 2 6 2 2 2 8 4 6 2 2 2 2 2 4 4 2 2 6 4 4 4 2 2 
Case 2048 0.9951171875
8 2 2 10 2 4 6 4 2 2 2 2 2 2 2 4 2 6 2 2 4 6 4 4 8 2 6 6 2 6 4 6 10 2 2 2 2 6 2 2 4 6 4 4 2 6 2 8 2 2 2 2 6 2 2 10 2 10 2 6 2 4 2 4 6 6 2 4 8 6 6 4 6 2 2 6 2 8 2 2 2 4 2 2 2 6 10 2 4 8 2 12 4 6 2 6 2 6 4 4 
Case 4096 0.00244140625
2 2 2 2 2 2 6 2 8 4 4 16 4 2 2 4 2 4 2 2 4 6 4 2 4 2 4 4 6 2 2 2 2 2 4 4 4 8 2 4 2 6 4 6 2 2 4 2 4 6 2 6 2 8 4 4 12 4 4 6 2 2 4 6 2 10 2 2 8 2 2 14 4 4 8 8 2 2 10 2 2 4 2 2 8 2 4 6 2 18 2 4 14 4 2 2 2 2 6 2 
Case 4096 0.00390625
2 2 4 2 2 8 2 4 4 2 10 2 4 2 2 2 4 2 2 2 2 4 2 2 6 4 2 2 4 2 6 4 2 2 2 2 6 2 4 4 4 4 6 2 2 2 2 2 2 4 2 6 2 4 2 6 2 2 2 2 2 2 4 2 6 6 2 2 2 4 2 2 4 8 6 6 4 2 8 2 4 4 2 2 6 2 4 8 4 2 2 4 2 4 2 2 4 2 2 2 
Case 4096 0.0078125
2 2 4 2 2 6 2 2 2 2 4 2 2 2 10 2 2 2 2 2 2 2 8 6 2 2 2 2 2 2 2 2 8 6 2 2 2 4 4 4 2 2 4 2 4 6 2 2 2 4 2 2 4 4 2 4 12 4 2 2 2 6 6 2 2 2 4 2 2 2 4 2 4 6 2 2 2 2 4 2 2 2 8 18 2 2 2 2 2 2 4 2 2 2 2 2 2 2 2 4 
Case 4096 0.015625
6 6 2 2 2 4 2 4 2 2 2 2 2 2 4 2 6 2 4 2 2 2 2 2 2 2 2 8 2 4 2 2 2 2 4 4 4 4 2 2 2 2 2 2 8 2 2 6 2 2 2 2 2 2 2 2 6 2 2 2 6 4 2 2 4 2 2 2 6 4 2 6 2 2 2 2 2 2 2 2 2 2 4 4 4 6 2 2 2 2 2 2 2 2 8 4 2 2 2 2 
Case 4096 0.03125
2 2 2 2 4 2 2 2 4 4 4 2 2 2 2 2 2 2 2 4 2 2 2 2 2 2 4 2 4 2 2 2 2 2 6 2 2 2 4 2 2 6 2 2 2 4 2 2 2 2 2 2 2 2 2 2 2 4 4 2 4 2 2 2 4 4 2 2 2 2 2 2 2 2 2 2 2 2 2 2 4 4 2 4 4 2 2 2 2 2 2 2 2 2 2 2 2 2 4 6 
Case 4096 0.0625
2 2 4 2 2 2 2 2 2 2 2 2 2 2 2 2 4 2 2 2 2 2 2 2 2 2 4 2 2 2 2 4 6 2 2 2 4 2 2 2 2 2 2 2 2 2 4 4 4 2 4 2 2 2 2 2 4 2 2 2 2 2 2 2 2 2 6 2 2 2 2 4 2 2 2 2 2 4 2 2 2 2 2 2 2 2 2 2 2 2 2 2 2 2 2 2 2 2 4 2 
Case 4096 0.125
2 2 2 4 2 2 2 2 2 2 2 4 2 2 2 2 2 2 2 2 2 2 2 2 2 2 2 2 2 2 4 2 2 2 2 2 2 2 2 2 2 2 2 4 2 2 2 2 2 2 2 2 2 2 2 2 2 2 2 2 2 2 2 2 2 6 2 2 4 2 2 2 2 2 2 2 2 2 2 2 2 2 2 2 2 2 2 4 2 2 2 2 2 2 2 2 2 4 2 2 
Case 4096 0.25
2 2 2 4 2 2 2 2 4 2 2 2 2 2 2 2 6 2 2 2 2 2 2 2 2 2 4 2 2 2 2 2 4 2 2 4 2 2 2 2 2 2 2 4 2 2 2 2 2 2 2 4 4 2 2 2 2 4 2 2 2 2 2 2 2 2 2 2 2 2 2 2 2 2 2 4 4 2 2 2 2 2 2 2 2 2 2 2 2 2 2 2 2 2 2 2 2 2 2 2 
Case 4096 0.5
2 2 2 2 2 2 2 2 2 2 2 8 2 2 2 2 2 8 2 2 2 2 2 2 2 2 2 2 2 2 2 4 2 2 2 4 2 4 2 2 2 2 2 2 2 2 2 2 2 6 4 4 2 2 2 2 2 2 2 2 2 2 2 2 2 2 2 2 2 2 2 2 2 4 2 2 2 4 2 2 2 2 6 4 2 2 2 2 2 2 2 2 2 2 2 2 2 2 2 2 
Case 4096 0.75
2 2 2 2 4 2 2 4 2 2 2 2 2 2 2 2 2 2 6 2 2 4 2 2 2 2 4 2 2 2 2 2 2 2 2 2 2 2 2 2 2 2 2 2 2 2 2 2 2 2 2 2 2 2 2 2 2 2 4 4 2 2 2 2 2 2 2 2 2 4 2 4 2 2 4 4 2 2 2 2 2 2 2 2 4 2 2 2 2 2 2 2 2 2 2 2 2 2 2 2 
Case 4096 0.875
4 4 2 2 2 2 2 2 2 2 4 2 2 2 2 2 2 2 4 2 2 2 4 2 2 2 2 2 2 2 2 2 2 2 2 2 2 2 2 2 2 8 2 2 2 2 2 2 2 2 2 2 2 2 2 2 2 2 2 2 2 2 2 4 2 2 2 4 2 2 2 2 2 2 2 2 2 2 4 2 2 2 4 4 2 2 4 4 2 2 2 4 2 2 2 2 2 2 2 2 
Case 4096 0.9375
2 2 2 2 4 2 2 2 2 2 2 2 6 2 2 2 2 2 2 2 2 4 2 2 4 2 2 2 2 2 2 2 2 2 2 2 4 2 2 2 2 2 2 2 2 2 2 2 2 2 2 2 2 2 4 2 2 2 2 2 2 2 2 2 2 2 2 2 2 2 2 2 2 2 2 2 2 2 4 2 2 2 2 2 2 2 2 2 2 4 2 2 2 2 2 2 2 2 2 2 
Case 4096 0.96875
2 4 2 2 2 2 2 2 2 2 2 2 2 2 4 2 2 2 2 2 2 2 2 2 2 2 4 4 2 2 2 2 2 2 2 2 2 2 2 2 2 2 2 2 2 2 4 2 4 2 4 4 4 2 6 2 4 2 2 2 4 2 2 2 2 2 2 2 6 2 2 2 2 2 2 2 2 2 2 2 4 2 2 2 2 2 2 8 2 4 2 4 2 2 2 2 2 4 2 2 
Case 4096 0.984375
2 2 4 2 2 2 2 2 4 2 2 2 4 2 6 4 2 2 2 4 2 2 2 2 2 6 2 2 2 2 2 2 2 2 2 6 4 4 2 4 2 2 2 2 2 2 2 4 2 4 4 2 2 4 2 4 4 2 2 2 2 2 4 2 2 2 2 2 2 2 2 4 2 2 2 2 2 6 2 2 2 2 2 4 2 2 2 2 2 2 4 2 2 2 4 2 4 2 2 2 
Case 4096 0.9921875
2 2 6 2 8 2 2 4 2 2 2 8 2 2 2 10 4 6 2 2 2 4 2 2 2 2 4 2 4 4 2 2 4 2 2 2 4 2 4 4 2 2 2 4 2 6 2 2 2 4 2 2 2 2 2 4 4 4 4 2 2 4 2 2 2 4 2 2 2 4 4 2 2 4 4 2 2 8 2 2 6 2 4 2 2 2 4 2 2 4 2 2 2 4 4 2 2 2 4 2 
Case 4096 0.99609375
2 6 2 12 6 4 8 2 4 10 2 6 2 4 4 4 4 2 2 2 4 2 4 2 10 2 2 2 2 2 6 2 2 4 8 2 4 2 2 2 2 4 2 2 2 2 8 2 4 4 4 2 2 2 2 2 8 6 2 4 2 4 8 2 4 2 2 6 2 2 2 8 2 6 2 2 2 2 4 2 2 4 8 2 2 2 2 2 16 2 2 2 2 2 4 8 2 2 4 2 
Case 4096 0.99755859375
4 2 4 4 6 2 12 2 2 4 6 4 2 2 2 12 2 2 2 4 8 6 2 2 10 4 2 8 2 4 10 6 2 10 4 2 2 8 2 4 4 8 8 2 2 4 2 2 2 2 2 2 4 2 4 2 2 6 2 2 4 2 2 6 4 10 2 4 12 8 2 8 4 2 2 2 4 6 2 2 2 2 2 4 2 4 2 2 4 2 6 2 6 8 2 2 6 4 2 4 
Case 8192 0.001220703125
8 2 2 4 2 10 2 2 2 4 6 2 4 2 6 6 2 4 2 2 4 12 2 2 2 6 6 2 2 2 8 2 2 2 4 2 2 12 4 2 4 2 2 4 2 4 2 4 6 4 12 12 4 2 2 2 4 2 2 6 6 8 2 2 2 4 2 2 2 4 6 12 6 2 2 2 10 2 2 2 4 2 2 8 2 2 4 10 6 6 2 2 2 2 2 2 2 4 2 2 
Case 8192 0.001953125
2 2 6 4 4 4 4 2 6 2 4 2 2 2 4 4 2 2 4 2 6 2 2 4 4 2 4 2 2 4 2 6 2 2 2 2 2 4 4 4 4 2 4 4 2 2 6 4 4 6 2 2 4 4 4 2 4 2 2 2 14 4 2 2 2 2 2 4 2 2 2 2 6 4 6 2 2 4 4 4 6 4 2 2 2 2 6 4 2 4 4 2 2 2 2 2 4 6 2 2 
Case 8192 0.00390625
2 4 2 2 4 2 6 4 4 4 2 2 4 2 2 2 2 14 8 4 6 4 8 2 2 2 6 2 2 4 2 2 2 2 4 4 2 2 2 4 6 2 2 2 6 6 6 6 4 2 2 4 2 2 6 8 2 2 6 2 4 4 2 2 2 2 2 2 4 2 6 2 6 2 2 2 2 2 2 6 2 2 2 2 10 2 2 2 2 2 2 4 2 2 6 2 2 2 2 2 
Case 8192 0.0078125
2 2 2 12 2 4 2 2 2 2 6 2 4 2 2 2 2 2 4 2 4 2 2 2 2 2 8 2 4 2 2 2 2 2 2 2 6 2 2 2 2 2 2 2 2 4 4 2 2 2 2 2 2 2 2 4 2 2 4 2 2 4 2 2 4 2 2 2 2 2 2 2 2 2 2 4 2 2 2 2 2 2 2 2 2 4 12 2 2 8 2 2 2 2 6 2 4 2 4 4 
Case 8192 0.015625
2 2 2 2 2 2 2 2 2 2 2 2 2 2 2 2 2 2 2 2 2 4 2 4 2 2 2 2 4 2 2 6 2 6 2 4 2 2 2 2 2 2 2 4 6 2 4 2 4 2 2 2 2 2 2 2 2 6 8 4 4 2 2 2 6 2 2 2 2 4 4 2 2 6 2 2 2 2 2 2 2 2 2 2 2 2 2 6 2 2 2 2 2 6 2 2 4 2 4 2 
Case 8192 0.03125
2 2 2 4 2 2 2 2 2 2 2 2 2 4 2 2 2 2 2 2 2 4 4 2 2 2 2 2 2 2 2 2 2 2 2 2 2 2 2 2 2 2 2 2 2 2 2 2 2 2 2 2 2 6 4 2 2 2 2 2 2 2 2 2 2 2 2 2 2 2 2 2 2 2 2 2 2 2 2 2 2 2 4 4 2 2 2 4 2 2 2 2 2 2 2 2 2 2 2 2 
Case 8192 0.0625
2 2 2 2 2 2 2 2 2 2 2 2 2 2 4 4 2 2 2 2 2 2 2 2 2 2 2 2 2 2 2 2 2 2 2 2 2 2 2 2 2 2 2 2 2 2 4 2 2 2 2 2 2 2 2 2 2 2 2 2 2 2 2 2 2 2 2 2 2 2 4 2 2 2 2 6 2 2 2 2 4 2 2 2 2 4 2 2 2 2 2 2 4 2 2 2 2 2 2 2 
Case 8192 0.125
4 2 2 2 2 2 2 2 2 2 2 2 2 6 2 2 2 2 2 2 2 2 6 2 2 2 2 2 2 2 2 2 2 4 2 2 2 2 4 2 2 4 2 2 2 2 2 2 2 2 2 4 2 2 2 2 4 2 2 4 2 2 2 2 2 2 2 2 2 2 2 2 2 2 2 2 2 2 2 2 2 2 2 2 2 2 2 2 2 2 2 2 2 2 2 2 2 2 2 2 
Case 8192 0.25
2 2 2 2 4 2 2 2 4 2 2 2 2 2 2 2 2 2 2 6 2 2 2 2 2 4 2 4 2 2 2 2 2 2 2 4 2 2 2 2 2 2 2 2 2 2 2 2 2 2 2 2 2 2 2 2 2 4 2 2 2 2 2 2 2 2 2 2 2 2 2 2 2 2 2 2 2 2 2 4 2 2 2 2 2 2 2 2 4 2 2 4 2 2 2 2 2 2 2 2 
Case 8192 0.5
2 2 2 4 4 2 2 2 2 2 2 2 2 2 2 2 2 2 2 4 2 2 2 2 2 2 2 2 2 2 2 2 2 2 2 4 6 4 2 2 2 2 2 2 2 2 2 2 2 2 2 2 2 2 2 4 2 2 4 2 2 8 2 2 2 2 2 2 2 2 2 4 2 2 2 2 2 2 2 2 4 2 2 2 2 2 2 2 2 2 4 2 2 2 2 2 2 2 2 2 
Case 8192 0.75
2 2 2 2 2 2 2 2 2 2 2 2 2 2 2 2 2 2 2 2 2 2 4 2 2 2 2 2 4 2 2 4 2 2 2 2 2 2 2 2 2 2 2 2 2 2 2 2 2 2 2 2 2 2 2 2 2 4 2 2 2 2 4 2 2 2 2 2 2 2 2 2 2 2 2 2 2 2 2 2 2 2 2 2 4 2 2 2 2 2 4 2 2 2 2 2 2 2 2 2 
Case 8192 0.875
2 2 4 2 2 2 2 2 2 2 2 2 2 2 2 2 2 2 4 2 2 2 2 2 2 2 2 2 2 2 2 2 2 2 2 2 2 2 2 4 2 4 4 2 2 2 6 2 4 2 2 2 2 2 6 2 2 2 2 2 2 2 2 2 2 2 2 2 2 2 2 2 4 2 4 2 4 2 2 4 2 2 2 2 2 2 2 2 2 2 2 2 4 2 2 2 4 2 2 2 
Case 8192 0.9375
2 2 2 2 2 2 2 2 2 2 2 2 2 2 2 2 2 2 2 2 2 2 2 2 4 2 2 2 2 2 2 2 4 2 2 2 2 2 2 2 2 2 2 2 2 4 2 2 2 2 2 4 2 2 6 2 2 2 2 2 2 2 4 2 2 2 2 2 2 4 2 2 2 4 2 2 2 4 2 2 2 2 2 2 2 2 2 2 2 2 4 2 2 2 2 2 2 2 2 2 
Case 8192 0.96875
2 2 2 4 2 2 2 2 2 2 4 2 2 2 2 2 4 2 2 2 2 4 2 2 4 4 2 2 2 2 2 2 4 4 2 4 2 2 2 2 2 2 8 2 2 2 2 2 2 6 2 2 4 2 4 2 2 2 2 2 2 2 4 2 2 2 2 2 2 2 2 2 2 2 2 2 2 2 2 2 2 2 4 2 2 2 2 2 2 2 2 4 6 4 2 2 2 2 2 2 
Case 8192 0.984375
2 4 8 2 2 2 4 2 2 2 2 2 2 2 4 2 4 2 2 2 2 2 2 2 2 2 2 2 2 2 4 2 4 2 2 4 2 4 2 2 2 2 4 2 2 4 2 4 2 2 2 4 2 4 2 2 2 2 4 2 4 2 2 2 2 4 2 2 4 2 4 2 2 2 2 2 2 2 2 4 4 2 2 2 2 2 2 2 2 2 2 4 2 2 2 2 2 2 4 4 
Case 8192 0.9921875
6 2 2 2 2 2 2 2 4 2 2 4 2 2 2 2 2 2 2 2 2 4 2 4 2 4 2 2 2 4 4 4 6 2 2 2 2 2 2 2 4 2 6 4 2 4 2 2 2 2 2 2 2 4 2 2 2 2 2 2 4 2 2 2 2 4 4 2 6 2 2 2 2 6 2 2 2 2 2 2 2 2 4 2 2 2 6 2 2 2 2 4 4 2 10 2 2 2 2 2 
Case 8192 0.99609375
6 2 4 4 2 4 2 2 4 2 8 4 2 2 2 2 2 2 2 2 6 2 4 2 2 6 2 4 2 2 4 2 2 4 2 2 2 2 2 2 4 2 4 2 2 2 6 4 2 2 2 2 4 4 2 4 2 4 6 2 2 8 4 6 6 2 4 2 2 2 6 2 4 2 2 2 2 2 4 4 4 2 2 4 2 2 6 2 2 4 2 2 2 2 4 2 8 2 4 2 
Case 8192 0.998046875
2 2 2 2 4 2 4 4 2 2 6 6 4 4 4 6 4 4 2 2 6 2 2 2 4 2 12 2 4 2 16 2 4 2 2 4 2 4 2 2 2 4 4 2 8 2 2 4 2 2 2 6 8 2 2 2 2 2 4 2 6 2 6 4 2 2 2 2 2 2 4 2 4 2 4 4 2 2 6 2 2 2 6 4 4 2 2 2 6 2 2 2 2 2 2 2 4 2 2 2 
Case 8192 0.998779296875
2 2 2 2 4 4 6 4 4 12 4 4 6 4 2 2 2 2 4 2 2 14 8 2 4 10 6 2 4 4 12 6 2 2 10 2 2 2 8 6 2 12 2 2 6 2 2 4 4 2 2 2 4 6 2 2 6 6 2 4 4 12 2 2 4 4 2 2 8 8 6 2 2 2 2 8 8 2 14 4 8 2 2 2 6 6 2 2 6 4 4 4 10 2 4 4 2 6 4 4 
Case 16384 6.103515625E-4
2 4 4 4 4 2 8 2 8 6 2 2 2 2 2 2 4 2 2 2 2 2 8 4 8 2 4 2 14 2 4 2 4 2 6 2 2 2 4 2 12 2 4 2 2 4 4 6 4 8 2 2 2 2 4 2 6 4 2 4 2 8 10 2 2 2 4 2 2 4 10 2 10 2 2 2 2 2 6 6 2 2 4 2 6 6 2 12 2 10 4 2 2 4 4 4 4 2 2 4 
Case 16384 9.765625E-4
2 6 2 2 2 2 4 8 6 10 2 2 2 2 2 4 2 2 4 4 4 2 2 2 2 2 2 2 2 2 8 4 2 4 2 2 4 2 4 2 6 8 4 2 4 2 4 2 2 6 2 6 2 2 4 6 8 2 2 2 2 4 2 2 4 6 4 2 2 2 2 4 4 8 2 2 2 2 2 2 6 2 4 2 6 2 4 2 2 2 2 4 2 2 4 2 2 4 2 4 
Case 16384 0.001953125
2 2 2 2 2 4 2 2 8 2 4 2 2 2 2 2 2 4 6 2 2 6 4 6 4 6 2 2 2 2 2 4 2 4 4 2 4 2 2 2 4 2 6 2 2 2 2 2 2 2 2 6 2 4 4 2 2 2 2 2 2 2 2 2 2 4 6 2 4 2 4 2 2 4 2 2 2 2 6 4 4 4 2 2 8 2 4 2 2 2 2 4 6 4 2 2 2 2 4 2 
Case 16384 0.00390625
6 2 4 4 2 6 2 4 2 2 2 2 2 4 2 4 2 2 2 4 2 2 4 2 2 2 4 2 4 2 2 4 2 2 2 2 2 2 2 2 6 4 2 2 4 4 6 4 2 2 2 4 2 2 2 2 2 2 2 2 2 4 2 2 2 2 2 8 4 4 4 2 2 2 2 2 2 2 4 2 2 2 2 2 2 2 2 4 2 4 2 2 4 2 2 2 4 2 2 2 
Case 16384 0.0078125
6 4 2 2 4 2 2 4 2 2 2 6 4 4 2 2 2 2 2 2 2 2 2 2 6 2 4 2 2 2 2 2 4 2 2 2 2 4 2 2 2 2 2 4 2 2 2 2 2 4 2 2 2 2 4 2 4 2 2 2 2 2 4 2 2 4 2 2 4 2 2 2 6 6 2 2 2 2 2 2 2 2 2 4 4 2 2 2 2 2 2 2 4 2 2 2 2 2 2 2 
Case 16384 0.015625
2 2 2 2 2 2 2 4 2 2 2 2 2 4 4 2 2 2 4 2 2 2 2 2 2 2 2 2 2 2 2 2 2 2 2 2 2 2 2 2 2 2 2 2 2 2 2 2 2 4 4 6 4 2 2 2 4 2 4 2 2 2 2 4 2 4 2 2 2 2 2 2 2 2 2 2 4 2 2 2 2 2 2 2 2 2 2 2 2 2 2 2 2 2 2 2 2 2 2 2 
Case 16384 0.03125
2 2 2 2 2 2 2 2 2 2 2 2 2 2 2 2 2 2 4 2 2 4 2 2 2 2 2 4 4 2 2 2 2 2 2 2 2 2 2 2 2 2 2 2 2 2 2 2 2 2 2 2 2 2 2 2 2 2 2 2 2 2 2 2 4 2 2 2 2 4 2 2 2 2 2 2 2 2 4 2 2 2 2 2 2 2 2 4 2 2 2 2 2 2 2 2 2 2 2 2 
Case 16384 0.0625
4 2 2 2 2 2 4 2 2 2 4 4 2 4 4 2 2 2 4 4 2 2 2 2 2 4 2 2 2 2 2 2 2 2 2 2 2 2 2 2 2 2 2 2 2 2 2 2 4 2 2 2 2 2 2 4 2 4 4 2 2 2 2 2 2 2 4 2 2 2 2 4 2 2 2 2 2 2 2 2 2 2 2 2 2 2 2 2 2 2 2 2 2 2 2 2 6 2 2 2 
Case 16384 0.125
4 2 2 2 2 2 2 2 2 2 2 2 4 4 2 2 2 2 4 2 2 2 2 2 2 2 2 2 2 2 2 2 2 2 2 2 2 2 2 2 2 2 2 2 2 4 2 2 2 4 4 2 2 4 2 2 2 2 2 2 2 2 6 2 2 2 2 2 2 2 2 2 2 2 2 4 2 2 4 2 2 2 2 2 4 2 2 2 2 2 2 2 2 2 2 2 2 2 2 2 
Case 16384 0.25
2 2 4 4 2 2 2 2 2 2 2 2 2 2 2 2 2 2 2 2 4 2 2 2 2 2 2 2 2 2 2 4 2 2 2 2 2 2 2 2 2 2 2 2 2 2 2 2 2 2 2 2 2 2 2 2 2 2 2 2 2 2 2 2 2 2 2 2 2 2 2 2 2 2 2 2 2 2 2 2 2 2 4 2 2 2 2 2 2 2 2 2 2 2 4 4 2 4 2 2 
Case 16384 0.5
4 2 2 2 2 2 2 2 4 2 2 2 2 2 2 2 2 2 2 2 2 2 2 2 2 2 2 2 2 2 2 2 2 2 2 2 2 2 2 2 2 2 4 2 2 2 2 2 2 6 2 2 2 6 2 2 2 2 4 2 2 2 2 2 4 2 2 2 2 4 2 2 2 4 2 2 2 2 2 2 2 2 2 2 2 2 2 2 2 2 2 2 2 2 2 2 4 2 2 2 
Case 16384 0.75
2 2 2 2 2 6 2 2 2 2 2 2 2 4 2 2 2 4 2 2 2 2 2 4 4 2 2 2 2 2 2 2 2 2 2 4 4 2 2 2 2 2 2 2 2 2 2 2 4 2 2 2 2 2 4 2 2 2 2 2 2 2 2 2 2 2 2 2 2 2 4 2 2 2 2 2 2 2 2 2 2 2 2 2 2 2 2 2 2 2 2 2 2 2 2 2 2 2 2 4 
Case 16384 0.875
2 4 2 2 2 2 2 2 2 2 2 2 2 2 6 4 2 2 2 2 2 2 2 2 2 2 2 2 2 2 2 2 4 2 2 2 2 2 2 4 2 2 2 2 4 2 2 2 4 2 2 2 2 2 2 2 2 2 2 4 2 2 2 2 2 2 2 4 2 2 2 2 2 2 2 4 2 2 2 4 2 2 2 2 2 2 2 2 4 2 2 2 2 2 2 2 4 2 2 2 
Case 16384 0.9375
2 4 2 2 2 2 2 2 2 4 2 2 2 2 2 2 2 2 2 2 2 2 4 4 2 4 2 6 2 2 2 2 4 2 4 2 2 2 2 2 2 2 2 2 2 4 2 2 2 2 2 2 2 2 2 2 2 2 2 2 2 4 2 2 4 6 2 2 4 2 2 2 2 2 2 4 2 2 4 2 2 2 2 4 2 2 2 6 2 2 2 2 2 2 2 4 2 2 2 2 
Case 16384 0.96875
2 2 2 2 2 2 4 2 2 2 2 2 2 2 2 2 2 2 2 6 2 2 2 2 2 2 2 2 2 2 2 2 2 2 4 2 2 2 2 2 2 2 2 2 2 2 2 2 2 2 2 2 2 2 2 2 2 2 2 2 2 4 2 2 2 2 2 2 2 2 2 2 2 2 2 2 2 2 2 2 2 2 2 2 2 2 2 2 2 2 2 2 2 2 2 2 2 2 2 2 
Case 16384 0.984375
2 2 2 2 2 2 2 2 2 2 2 2 2 6 2 6 2 2 2 2 2 2 2 2 4 4 2 2 2 2 4 2 2 2 2 2 2 2 2 2 2 2 4 2 2 2 2 2 4 2 2 2 2 2 2 2 2 2 2 4 2 2 2 2 2 2 2 2 2 2 2 2 2 2 2 2 2 2 2 2 2 2 2 2 2 2 2 2 2 2 2 2 2 4 2 2 2 2 4 2 
Case 16384 0.9921875
2 6 2 4 2 2 2 2 2 2 2 2 2 2 2 6 2 2 12 4 4 2 2 4 4 2 2 4 2 2 2 2 2 2 2 2 2 4 2 2 2 2 2 2 2 4 2 2 2 2 2 2 2 2 2 2 4 6 2 2 2 2 2 2 4 2 2 2 4 2 2 2 2 2 2 2 2 4 2 2 2 2 6 2 4 2 4 2 4 8 2 2 2 6 4 2 2 8 2 2 
Case 16384 0.99609375
6 4 4 2 4 2 2 2 2 2 2 4 2 2 2 2 2 2 2 2 4 2 2 2 4 2 2 2 2 4 2 4 2 2 4 2 2 2 4 2 2 2 4 2 2 2 2 2 2 4 2 2 2 2 2 2 2 2 4 2 2 8 2 2 2 4 2 2 2 2 2 2 2 2 4 2 2 4 2 6 4 2 2 2 2 2 4 2 2 2 2 10 4 6 2 2 4 2 2 2 
Case 16384 0.998046875
2 4 2 4 2 2 2 2 2 2 2 2 2 2 2 2 4 2 4 2 2 2 2 2 6 2 4 2 6 2 2 2 2 2 2 4 4 4 2 2 2 2 4 2 2 2 6 6 2 2 2 4 4 4 2 2 4 2 2 2 2 2 2 6 2 4 4 4 4 2 4 2 4 2 4 2 2 4 2 2 2 2 2 2 2 4 2 4 4 4 2 2 2 2 2 2 4 2 2 2 
Case 16384 0.9990234375
2 2 2 8 2 4 2 14 4 4 4 4 2 4 2 2 4 2 2 4 12 4 4 2 8 4 2 2 4 2 2 2 2 2 2 4 2 2 2 2 4 8 8 2 2 2 2 2 4 2 2 4 2 2 4 4 2 2 2 2 8 4 4 2 14 2 2 6 2 6 2 4 2 4 2 2 10 4 2 2 6 4 2 2 6 2 2 2 2 2 2 4 2 2 4 2 2 6 4 4 
Case 16384 0.9993896484375
2 2 2 6 6 8 6 2 2 8 2 2 2 4 2 2 2 2 2 2 4 2 2 2 4 2 6 2 2 2 2 2 6 2 6 4 6 6 4 6 2 2 2 8 4 6 2 8 4 2 2 4 4 2 2 6 14 6 6 10 2 6 4 2 4 6 2 2 10 8 2 2 4 6 2 2 4 8 4 4 2 2 2 2 2 4 2 2 6 2 2 2 2 2 2 2 2 8 6 4 
Case 32768 3.0517578125E-4
4 2 4 6 2 4 4 2 2 2 4 6 6 2 6 2 4 2 2 2 4 4 14 6 2 2 2 6 4 4 2 2 2 2 2 2 2 8 4 2 8 2 4 4 4 4 6 2 2 10 2 2 2 2 8 6 2 4 12 2 4 6 2 6 2 2 2 6 6 2 2 2 2 2 4 2 2 2 2 2 2 2 2 2 12 12 2 2 4 2 4 4 2 2 2 10 6 4 2 4 
Case 32768 4.8828125E-4
2 8 2 2 2 2 2 6 4 8 2 4 4 8 2 2 8 2 2 6 2 4 2 6 4 2 4 4 2 2 6 2 8 4 2 4 6 8 6 6 4 4 4 4 6 4 2 6 2 2 4 2 4 4 2 6 2 12 4 6 6 10 2 4 4 2 2 2 2 2 2 2 4 2 2 4 6 2 2 4 8 2 2 2 4 6 2 2 2 8 2 2 2 8 2 2 4 4 2 2 
Case 32768 9.765625E-4
2 2 2 6 4 2 2 2 4 2 4 4 2 2 4 4 4 2 6 4 2 2 2 4 2 2 2 4 4 4 2 2 2 2 2 2 2 2 4 2 2 4 2 8 2 2 2 4 2 2 2 4 2 2 2 2 4 2 2 4 2 4 4 2 2 6 6 2 2 4 4 2 2 4 2 2 2 4 4 2 6 2 2 8 6 2 4 2 4 2 2 6 2 2 2 4 8 12 8 2 
Case 32768 0.001953125
2 4 2 2 2 2 4 2 2 2 4 2 2 2 2 2 2 4 2 4 4 4 2 2 2 2 2 4 2 6 2 2 2 2 2 2 2 2 2 4 4 2 2 2 2 4 2 6 2 2 2 4 2 4 2 2 4 2 2 2 2 6 2 2 2 2 4 2 2 2 2 2 2 2 6 4 2 2 2 2 2 4 2 4 6 4 2 2 4 2 2 2 4 6 2 2 2 2 2 2 
Case 32768 0.00390625
2 2 6 2 2 2 4 2 4 2 2 4 2 4 2 4 2 2 2 2 4 4 2 2 2 2 4 2 2 2 2 2 2 2 2 2 6 2 2 2 2 2 2 2 2 2 2 2 4 2 2 2 2 2 2 4 2 2 2 2 2 2 2 2 2 2 8 2 2 2 2 2 2 2 2 2 2 2 2 4 2 4 2 2 2 2 4 2 2 2 2 2 2 2 2 2 2 2 2 2 
Case 32768 0.0078125
2 2 2 2 2 4 2 2 2 2 2 2 2 2 2 2 2 2 2 2 2 2 2 2 2 2 2 2 2 2 2 2 2 2 4 4 2 2 2 2 2 2 2 2 2 2 2 2 4 2 2 2 2 2 2 2 2 2 2 2 2 2 6 2 2 4 2 2 2 2 2 2 2 2 2 2 6 2 2 6 2 2 4 2 6 2 2 2 2 2 2 2 2 2 4 2 2 4 2 4 
Case 32768 0.015625
2 2 2 2 2 2 2 2 2 4 2 2 4 2 2 2 2 4 4 2 2 4 2 2 4 2 2 2 2 4 2 2 4 2 4 2 2 2 2 2 2 2 4 2 2 2 4 2 2 4 2 2 2 2 2 2 2 2 2 2 4 2 4 2 2 2 4 2 2 2 2 2 2 2 2 2 2 2 2 2 2 2 2 2 2 2 2 2 2 2 2 2 2 2 2 2 2 2 2 2 
Case 32768 0.03125
2 2 2 2 2 2 2 2 2 2 2 2 2 2 2 2 2 2 2 2 2 2 2 2 2 2 2 4 2 4 2 2 2 2 2 2 2 2 2 6 2 2 2 2 2 2 2 4 2 2 2 2 2 2 2 2 2 2 2 2 2 2 2 2 6 2 2 2 2 2 2 2 2 2 2 2 2 2 2 2 2 2 2 2 2 4 2 2 2 2 2 4 2 2 4 2 2 2 2 2 
Case 32768 0.0625
2 2 2 2 2 2 2 2 2 2 2 2 2 4 2 2 4 2 2 2 2 2 2 2 2 2 2 2 2 4 2 2 2 2 2 2 4 2 4 2 2 2 2 2 2 2 2 2 2 2 2 2 2 4 2 2 2 2 2 2 2 2 2 2 2 2 2 2 4 2 2 2 2 2 2 2 2 2 2 2 4 2 2 2 2 2 2 2 2 2 2 4 2 2 2 2 2 2 2 2 
Case 32768 0.125
2 2 2 2 2 2 4 2 4 4 2 2 2 2 2 2 2 2 2 2 2 2 2 2 4 2 2 4 4 2 2 2 2 2 8 2 2 2 2 2 2 2 2 2 2 2 2 2 2 2 2 2 2 2 2 2 2 2 2 2 2 2 2 2 2 2 2 2 2 2 4 2 2 2 2 2 2 4 2 2 2 2 2 2 2 2 8 2 2 2 2 2 2 2 2 2 2 2 4 2 
Case 32768 0.25
2 4 2 2 2 6 2 2 2 2 2 2 2 2 2 2 2 2 2 4 2 2 2 2 4 4 4 2 2 2 2 2 4 2 2 2 2 2 2 2 4 2 2 2 4 2 2 2 2 2 2 4 2 2 2 2 2 2 2 2 2 2 2 2 2 2 2 2 2 2 2 2 2 2 2 2 4 2 2 2 2 2 4 2 2 4 2 4 2 4 2 2 2 2 2 2 2 2 2 2 
Case 32768 0.5
2 2 6 4 2 2 2 2 2 4 2 4 2 2 2 4 2 2 2 2 2 4 2 2 2 2 2 2 2 2 2 4 2 2 2 2 2 2 2 2 2 4 2 2 2 2 2 2 2 2 2 2 2 2 2 2 4 2 6 2 4 2 2 2 2 2 2 2 2 2 2 4 2 4 2 2 2 4 2 2 2 2 2 2 2 2 2 2 2 2 2 2 2 4 2 2 2 2 2 2 
Case 32768 0.75
2 4 4 2 2 2 2 2 2 2 2 4 2 2 2 2 2 2 2 2 2 2 2 2 4 2 2 2 2 2 2 2 4 4 2 2 2 2 2 2 2 2 2 2 2 2 2 2 2 2 2 2 4 2 2 2 2 2 2 4 2 2 2 2 2 2 2 2 2 2 4 2 2 2 2 2 2 2 4 2 2 2 2 2 2 4 2 2 2 2 8 2 2 2 2 2 2 2 2 2 
Case 32768 0.875
2 2 2 2 2 2 2 4 2 2 4 2 4 2 2 2 4 2 2 2 2 2 2 4 2 2 2 2 2 2 2 2 2 2 2 2 2 2 2 2 2 2 2 2 2 2 2 2 2 2 2 2 2 4 2 2 2 2 2 2 2 4 2 2 2 2 2 2 2 2 2 2 2 4 2 2 2 2 2 2 2 2 2 4 2 2 2 2 2 2 2 2 2 4 2 2 2 2 2 2 
Case 32768 0.9375
2 2 2 2 2 4 2 2 2 2 2 2 2 2 2 2 2 2 2 2 2 2 2 4 4 2 2 2 4 2 4 2 2 2 2 2 2 2 2 2 2 4 2 2 4 2 2 2 4 2 2 2 2 2 2 2 2 2 2 4 2 2 2 2 2 2 2 2 2 2 4 2 2 2 2 2 2 2 2 2 2 4 2 2 2 2 2 4 4 2 2 6 2 4 6 2 2 8 2 2 
Case 32768 0.96875
2 2 2 2 2 2 2 2 2 2 2 4 2 2 4 2 2 2 2 2 2 2 2 2 2 2 2 2 2 2 2 2 2 2 2 2 4 4 2 2 2 2 2 2 2 2 4 2 2 2 2 2 2 2 4 2 2 2 4 4 10 2 4 2 2 2 2 2 2 2 2 2 2 2 2 2 2 2 2 2 2 6 4 2 2 2 2 2 4 2 2 2 2 2 2 2 2 4 2 2 
Case 32768 0.984375
2 2 2 2 4 2 2 2 4 2 4 2 2 2 2 2 6 2 2 2 2 2 2 2 2 2 2 2 6 2 2 6 6 2 2 2 2 2 2 4 2 4 2 2 2 2 2 4 2 2 2 2 2 2 2 2 2 2 4 2 4 2 2 2 6 2 2 2 2 2 2 2 4 2 2 2 2 2 2 2 2 2 4 2 2 2 2 2 2 2 2 2 4 2 2 2 2 2 2 2 
Case 32768 0.9921875
2 2 2 6 2 2 2 2 2 4 2 2 2 2 4 2 4 2 2 2 4 2 4 2 2 2 2 2 2 2 2 4 2 2 2 2 2 2 2 2 2 2 2 2 4 2 4 2 2 2 2 2 2 2 2 4 2 2 2 2 2 2 2 6 2 4 2 2 2 2 2 2 2 2 2 2 2 4 2 4 2 2 2 2 2 4 2 2 2 2 2 2 2 4 2 2 2 2 2 4 
Case 32768 0.99609375
4 2 2 2 6 2 2 2 4 2 2 2 2 2 2 4 2 2 4 2 2 2 2 2 2 2 2 2 4 2 2 4 2 6 4 2 2 2 2 2 2 4 2 2 2 2 2 2 2 2 6 4 2 4 4 2 2 2 6 2 2 2 2 2 2 4 2 2 2 2 2 2 2 2 2 2 2 2 2 2 2 2 2 2 2 2 4 2 2 2 2 2 2 2 4 4 4 4 2 2 
Case 32768 0.998046875
2 2 4 2 2 4 2 2 2 2 2 2 2 2 2 8 2 2 2 2 2 2 2 2 4 2 2 4 2 2 2 2 2 4 6 2 2 4 2 2 2 4 2 2 4 2 2 4 4 4 2 2 2 2 2 2 2 2 2 4 2 4 2 2 2 2 2 2 2 2 2 4 2 2 2 2 2 2 2 2 2 2 2 2 4 2 2 2 4 6 2 2 8 2 2 2 4 2 2 2 
Case 32768 0.9990234375
4 2 4 2 2 4 4 2 4 2 4 4 2 6 2 2 2 2 2 4 2 2 2 2 2 2 2 2 6 2 4 4 2 2 4 2 4 2 2 6 2 4 2 2 2 4 2 2 6 2 4 2 2 4 2 2 2 4 4 2 2 2 4 2 4 6 4 2 2 2 2 2 4 2 6 4 2 2 2 2 2 2 2 4 2 8 2 6 2 2 2 2 2 2 2 4 2 4 4 2 
Case 32768 0.99951171875
2 2 6 2 18 4 2 4 14 2 2 6 2 2 4 4 4 2 2 4 4 2 2 2 2 4 2 6 2 4 2 2 2 2 2 6 2 2 6 10 4 2 6 2 4 8 2 2 6 2 2 2 2 2 4 2 6 4 8 4 4 6 2 4 2 2 4 2 6 8 2 2 2 2 6 2 8 6 4 2 2 2 10 2 2 4 4 2 2 2 2 4 4 2 2 2 2 10 2 2 
Case 32768 0.99969482421875
4 2 8 4 2 4 2 2 10 4 4 2 4 2 4 2 4 2 2 4 4 2 2 10 2 4 4 6 6 6 2 10 2 4 2 2 2 2 2 6 6 4 2 2 4 6 2 2 2 2 2 4 8 2 4 2 2 2 6 4 2 4 4 6 6 4 6 2 6 2 4 4 4 2 4 4 2 4 6 2 4 4 8 2 10 2 2 2 2 2 8 2 2 2 2 2 4 2 2 2 
Case 65536 1.52587890625E-4
4 2 2 2 2 2 6 2 2 6 2 2 4 2 6 2 6 4 4 2 2 8 4 6 6 4 6 2 2 2 2 2 2 6 2 4 2 4 4 2 2 2 4 8 6 4 2 4 8 8 2 2 12 2 4 4 2 2 4 2 6 2 2 4 8 2 6 2 2 2 4 4 4 2 12 6 2 6 2 2 2 4 4 4 4 2 4 6 2 4 10 6 2 2 4 6 2 4 6 4 
Case 65536 2.44140625E-4
2 4 6 4 10 2 2 6 2 4 2 2 2 6 6 8 2 2 2 4 2 4 4 6 6 2 2 4 6 6 2 2 6 2 8 2 4 4 4 2 8 2 2 2 2 2 6 2 4 2 2 2 2 4 4 8 4 2 2 2 2 6 2 10 6 4 2 4 2 2 2 2 2 6 8 2 2 4 2 2 4 2 2 2 4 2 2 2 2 4 2 2 2 4 4 4 2 4 6 6 
Case 65536 4.8828125E-4
2 2 2 2 2 2 4 2 4 4 4 2 2 2 2 2 4 2 2 4 2 10 2 2 4 4 2 2 2 4 2 6 2 2 2 2 2 6 2 2 4 6 2 2 2 4 2 2 2 2 2 2 2 6 4 4 4 6 6 2 2 4 4 2 4 2 2 4 2 2 2 2 2 6 2 6 6 2 4 2 2 6 4 2 2 4 6 2 2 2 2 4 6 4 6 2 2 2 4 2 
Case 65536 9.765625E-4
2 2 2 8 2 2 2 2 2 2 2 2 2 2 2 2 2 2 2 2 2 2 4 2 2 2 2 2 2 2 2 2 2 2 4 2 2 2 2 2 2 2 4 2 8 2 2 10 6 2 4 2 4 4 8 2 4 2 2 2 2 2 2 2 2 2 4 2 2 2 4 2 2 2 4 2 6 2 2 2 2 2 2 2 2 2 2 2 2 2 2 2 2 2 4 2 2 2 2 2 
Case 65536 0.001953125
2 2 2 2 4 4 2 2 4 2 2 4 6 4 2 2 2 2 4 2 2 4 2 2 2 2 4 2 4 2 2 2 2 2 2 2 4 2 2 2 6 2 2 2 2 6 2 4 2 2 2 4 2 4 2 2 2 2 2 2 2 2 4 2 2 2 2 2 2 2 2 2 2 2 6 2 2 2 2 4 4 2 2 2 2 2 2 2 2 2 2 4 2 4 2 2 2 2 2 2 
Case 65536 0.00390625
2 2 2 4 2 2 2 2 2 2 4 2 2 2 2 2 2 2 2 4 2 2 2 4 2 2 2 2 2 2 2 2 2 2 2 2 2 2 2 2 2 2 2 2 2 2 2 2 2 4 2 4 2 2 2 2 6 2 2 2 4 4 2 2 2 2 2 2 2 2 2 2 2 2 2 2 2 2 4 2 2 2 4 2 2 2 2 4 2 2 2 2 2 4 4 2 2 4 2 2 
Case 65536 0.0078125
4 4 2 2 2 2 2 2 2 2 2 2 4 2 2 4 6 2 2 2 2 2 2 2 2 2 2 2 2 2 2 2 2 2 2 2 2 2 2 2 2 2 2 2 2 2 2 2 2 2 2 2 2 2 2 2 2 4 4 2 2 2 2 2 4 2 2 2 2 4 2 2 2 2 2 2 2 2 2 2 2 2 2 2 2 2 4 2 2 2 2 2 2 2 2 4 2 2 2 2 
Case 65536 0.015625
2 2 2 2 2 2 2 2 2 2 2 6 2 2 2 2 2 2 2 2 2 2 2 2 4 2 2 4 2 2 2 2 2 2 4 2 2 2 2 2 2 2 2 2 4 2 2 2 2 2 2 2 2 2 2 2 4 2 2 2 2 2 2 2 4 2 2 2 2 2 4 2 2 2 2 2 2 2 2 2 2 2 2 2 2 2 2 2 2 4 2 2 2 4 2 4 4 6 2 2 
Case 65536 0.03125
2 2 2 2 2 2 2 2 2 2 2 2 2 2 2 2 2 2 2 2 2 2 2 6 2 4 2 2 2 2 6 2 4 2 2 2 2 2 2 4 2 2 2 2 2 2 2 4 2 2 2 2 2 2 4 2 2 2 2 2 2 2 2 2 4 2 4 2 2 2 2 2 4 2 2 2 2 2 4 2 4 2 2 4 2 2 4 2 2 2 4 2 2 2 4 2 2 2 2 2 
Case 65536 0.0625
2 2 4 2 2 2 4 2 2 2 2 2 2 2 2 2 2 2 2 2 2 2 2 2 2 4 2 4 2 2 2 4 2 2 2 2 2 2 2 2 2 2 2 2 2 2 2 2 2 4 2 2 2 2 2 2 2 2 2 2 2 2 2 4 2 2 4 2 2 2 6 4 2 2 4 2 4 2 2 2 2 2 4 2 2 2 2 2 2 2 2 2 2 2 4 2 2 2 2 2 
Case 65536 0.125
2 6 2 2 2 2 2 2 2 2 2 2 2 2 2 4 2 2 2 2 6 2 6 2 2 2 2 2 2 2 2 2 2 2 2 4 6 2 4 2 6 2 2 2 2 2 4 2 2 2 2 6 4 2 2 4 2 2 2 2 2 2 2 2 2 2 2 2 4 2 2 2 4 2 2 2 2 2 2 2 2 2 2 2 2 2 2 2 2 2 2 2 2 2 2 4 2 2 2 2 
Case 65536 0.25
2 2 2 2 2 2 2 2 2 2 6 2 2 2 2 2 2 2 2 4 2 2 2 2 2 2 2 2 4 2 2 4 2 2 4 4 2 2 2 4 2 2 2 2 2 2 4 4 2 2 2 2 2 2 2 2 2 2 2 4 2 2 4 2 2 2 2 2 2 2 2 2 2 2 2 2 4 2 2 2 2 2 2 2 2 2 2 2 2 2 2 2 4 2 2 2 2 2 2 2 
Case 65536 0.5
2 2 2 2 2 2 2 2 2 2 2 2 2 2 2 2 2 2 2 2 2 2 2 2 2 2 2 2 2 2 2 2 2 2 2 2 2 2 2 2 2 2 2 2 2 4 2 2 2 2 2 2 2 2 2 2 2 2 4 4 2 2 2 2 2 2 2 2 2 2 2 2 2 4 2 4 2 4 2 2 2 2 4 4 2 2 2 2 2 2 2 2 4 2 2 2 2 6 2 2 
Case 65536 0.75
2 2 2 2 2 2 4 2 2 2 2 2 2 2 2 2 2 2 2 2 2 2 2 2 4 2 2 4 2 2 2 2 2 2 2 2 2 2 2 2 2 2 2 2 2 4 2 2 2 2 2 2 2 2 6 2 2 2 2 2 2 2 2 2 2 2 2 2 2 4 2 2 2 4 2 2 2 2 2 2 2 2 2 2 2 2 2 2 2 6 2 2 2 2 2 2 2 2 2 2 
Case 65536 0.875
2 2 6 2 2 2 2 2 2 2 2 4 2 2 2 2 2 2 2 4 2 2 2 2 6 2 2 2 2 4 2 2 4 2 2 2 2 2 2 2 2 4 2 2 2 2 2 2 4 2 2 2 2 2 2 2 6 2 2 4 2 2 2 2 2 2 2 10 4 2 2 2 2 2 2 2 2 2 2 6 2 4 2 2 2 2 2 2 2 2 2 2 2 2 2 2 2 2 2 2 
Case 65536 0.9375
2 2 4 2 2 2 2 2 2 2 2 2 2 2 2 2 2 2 2 2 2 2 2 2 2 2 4 2 2 2 4 2 2 2 2 2 2 2 2 2 2 2 2 2 2 2 2 2 2 2 4 2 2 4 2 2 2 4 2 2 2 2 2 2 2 2 2 4 2 2 2 2 2 4 2 2 2 4 2 2 2 2 4 2 2 2 2 2 2 2 2 2 2 2 2 2 2 2 2 2 
Case 65536 0.96875
4 6 2 2 4 2 2 4 2 2 2 2 2 2 2 2 2 2 2 2 2 2 2 2 2 2 4 4 2 2 2 2 2 2 2 2 4 2 2 2 2 2 2 2 2 4 4 2 2 2 2 2 2 4 4 2 2 2 2 2 2 2 2 2 2 2 2 2 2 2 2 2 2 2 2 2 2 4 2 2 2 2 2 2 2 2 2 2 2 2 4 2 2 2 2 4 2 2 2 2 
Case 65536 0.984375
2 2 2 2 2 2 2 2 2 2 2 2 2 2 2 2 2 2 2 2 2 2 2 2 2 4 2 2 2 2 2 2 2 2 2 2 2 2 2 2 2 2 2 2 2 4 2 2 2 2 2 4 2 4 2 4 2 4 2 2 4 2 2 2 2 4 2 2 2 4 2 2 2 2 2 2 2 2 4 2 2 2 2 2 2 2 2 2 4 2 2 2 4 2 2 2 2 2 2 2 
Case 65536 0.9921875
2 2 2 2 2 2 2 2 2 2 2 2 2 2 2 4 2 2 2 2 2 2 2 2 2 2 2 2 2 2 4 2 2 2 2 2 2 2 2 2 4 2 2 2 2 2 2 2 2 2 2 2 4 2 2 2 2 2 2 2 2 2 2 2 2 2 4 2 2 2 2 2 2 2 2 4 2 2 2 2 2 2 2 2 2 2 2 2 2 2 2 4 6 2 2 2 4 2 2 2 
Case 65536 0.99609375
2 2 2 2 2 2 2 2 2 2 2 2 2 2 2 4 4 2 4 2 2 2 4 2 2 2 2 2 2 2 2 2 2 2 2 4 2 2 2 2 2 2 2 2 2 6 4 2 2 6 2 2 2 2 2 2 2 4 2 2 2 2 2 2 2 2 2 2 4 2 2 2 4 2 2 4 2 2 2 2 2 2 4 2 2 2 2 2 4 2 2 2 2 2 2 2 2 2 2 2 
Case 65536 0.998046875
4 2 2 2 2 2 2 2 4 2 2 4 2 2 2 2 2 4 2 2 2 2 2 2 2 2 2 2 2 2 2 2 2 2 2 2 2 2 2 2 2 2 2 2 2 4 2 2 2 2 2 8 2 2 2 2 2 2 2 2 4 2 4 2 2 2 2 2 2 2 2 2 2 4 6 2 2 2 2 2 4 2 2 4 2 2 2 2 2 4 4 4 2 2 2 2 6 2 2 2 
Case 65536 0.9990234375
2 2 2 2 10 2 2 2 2 2 2 2 2 4 2 2 2 2 2 2 2 4 2 2 2 2 2 4 2 2 2 2 4 2 4 2 2 2 2 2 2 4 6 4 2 4 2 4 2 2 2 4 2 2 2 2 4 6 2 4 2 4 2 2 2 2 2 2 4 2 4 2 4 2 2 2 2 4 2 2 2 2 2 2 2 2 2 2 2 2 2 4 2 2 2 2 4 2 2 2 
Case 65536 0.99951171875
4 4 2 2 2 2 2 4 2 2 2 2 2 6 2 2 4 2 2 2 8 2 2 4 10 2 2 2 6 6 2 2 6 2 2 2 2 2 2 4 6 2 2 2 2 2 2 6 2 2 8 2 2 4 4 2 2 4 8 2 8 2 2 4 2 6 4 4 4 2 2 2 2 4 4 6 4 2 2 2 2 2 6 2 2 4 2 2 2 2 2 4 2 4 2 2 2 6 2 4 
Case 65536 0.999755859375
2 2 4 10 2 4 4 2 2 6 6 2 2 2 2 6 2 10 6 2 2 2 2 4 12 4 4 2 4 2 2 2 2 4 2 2 2 2 2 2 2 4 2 2 2 6 2 2 2 2 2 2 2 2 2 2 2 2 2 6 4 2 2 6 2 2 4 4 2 4 2 2 2 2 2 2 8 4 2 2 4 2 10 12 8 4 10 4 2 6 4 4 2 2 6 4 8 2 4 2 
Case 65536 0.999847412109375
2 2 2 2 2 2 2 2 2 2 4 2 2 4 2 2 2 4 2 2 4 2 2 2 2 6 2 4 2 2 4 2 2 2 2 6 4 2 2 6 2 4 6 8 2 2 10 2 2 8 2 8 4 4 2 4 4 4 4 2 4 2 6 2 4 2 2 6 2 2 4 2 2 4 2 2 4 2 2 2 4 10 6 2 2 2 8 2 2 4 8 2 2 4 4 2 2 6 6 2 
Case 131072 7.62939453125E-5
2 4 8 2 2 2 2 2 4 2 4 4 2 4 2 2 6 4 2 4 2 10 2 14 2 2 4 2 2 2 2 4 10 6 6 4 8 4 6 4 2 2 2 2 4 2 4 6 2 2 2 14 2 2 6 4 6 6 2 6 2 4 2 4 10 4 2 2 2 4 2 2 4 2 2 10 6 2 2 2 2 2 8 14 2 2 2 4 4 4 8 2 2 6 2 8 2 2 2 2 
Case 131072 1.220703125E-4
2 2 8 2 4 2 2 8 2 4 2 2 2 2 10 6 2 4 2 2 2 4 2 6 2 2 6 2 8 6 2 2 6 2 8 2 2 4 2 2 2 6 4 4 6 4 2 6 4 4 2 2 8 2 2 2 2 2 2 2 2 4 2 2 2 2 2 4 2 2 2 2 6 2 4 2 4 2 4 4 2 2 2 2 6 6 4 2 8 2 2 2 2 2 2 6 6 4 8 2 
Case 131072 2.44140625E-4
6 2 8 4 4 2 2 4 2 2 4 2 4 2 2 2 2 4 6 4 2 2 4 2 2 4 8 4 2 4 2 2 2 2 2 6 2 2 2 4 6 6 2 4 2 2 2 2 2 2 2 4 2 4 2 2 2 2 4 2 6 2 2 2 6 2 2 2 2 6 4 2 4 4 4 2 2 2 2 2 4 2 4 2 2 2 2 4 4 2 2 4 6 6 2 2 4 2 2 2 
Case 131072 4.8828125E-4
2 2 2 2 4 2 2 4 2 2 4 2 4 2 6 2 2 2 2 6 2 2 2 2 2 2 2 2 4 2 2 2 2 8 2 2 2 4 4 4 2 2 4 2 2 2 2 2 4 2 2 2 2 8 8 2 2 2 2 2 2 2 4 2 2 2 2 2 2 2 2 6 2 2 2 2 2 2 4 2 2 2 2 2 6 2 2 2 2 6 4 6 4 4 4 4 2 2 2 2 
Case 131072 9.765625E-4
2 2 2 2 2 2 2 4 2 2 2 4 8 2 2 6 2 2 6 2 4 2 2 2 2 2 2 2 2 2 2 2 2 2 2 2 2 4 2 2 2 2 4 4 4 6 2 2 2 2 2 2 6 2 2 2 4 2 2 2 6 2 2 2 2 2 4 2 2 4 4 4 2 2 2 2 2 4 2 2 2 4 2 6 2 2 2 2 2 2 2 2 2 4 4 2 2 2 2 2 
Case 131072 0.001953125
2 2 2 2 2 2 2 2 2 2 2 2 2 2 2 2 2 2 2 2 4 2 2 2 2 2 2 2 2 2 4 2 2 2 2 2 2 2 2 2 2 6 2 6 2 2 2 2 2 2 4 2 2 4 2 2 2 2 2 2 4 2 2 2 2 2 2 2 2 2 2 2 2 2 2 2 2 2 2 2 2 2 2 2 2 4 2 2 2 2 2 2 2 2 2 2 2 2 2 2 
Case 131072 0.00390625
2 2 2 2 2 4 2 2 2 2 2 2 2 2 2 2 4 4 2 2 2 2 2 2 4 2 2 2 2 2 2 2 2 2 2 2 2 2 2 2 2 4 2 2 2 2 2 2 2 2 4 2 2 2 2 4 2 2 2 2 2 2 2 2 2 4 2 2 2 2 2 2 2 2 2 2 2 2 2 2 2 4 4 2 2 2 2 2 2 2 2 2 2 2 2 2 2 2 6 2 
Case 131072 0.0078125
2 2 2 4 2 2 2 2 2 2 2 2 2 2 2 4 2 4 2 4 4 2 2 2 2 2 2 2 2 2 2 2 2 2 2 2 4 2 2 2 2 2 2 2 2 2 2 2 2 2 2 2 2 4 2 4 2 4 2 2 2 4 2 4 2 2 2 2 4 2 2 4 2 2 2 2 2 2 4 2 4 2 2 2 2 2 2 2 2 2 4 2 2 2 4 2 2 2 2 2 
Case 131072 0.015625
4 2 2 2 2 4 4 2 2 2 2 2 2 2 2 2 2 2 2 2 2 2 2 2 2 2 2 6 2 4 2 2 2 4 2 2 2 2 2 4 2 4 2 2 2 4 6 4 2 2 2 4 2 2 2 2 2 2 2 2 2 4 2 4 2 2 2 2 2 4 2 2 2 2 2 2 2 2 4 2 4 2 2 2 2 2 2 2 2 2 2 2 2 2 2 4 2 2 2 2 
Case 131072 0.03125
2 2 2 2 2 2 2 2 2 2 2 2 2 4 2 2 2 2 2 2 2 2 2 2 2 2 2 2 2 2 2 2 2 2 4 2 2 2 2 4 4 2 2 2 2 2 2 2 2 2 2 2 2 2 2 2 2 2 2 4 2 2 2 2 2 2 2 2 4 2 2 2 2 2 2 2 2 2 4 2 2 2 2 2 2 2 2 2 2 2 2 2 2 2 2 2 2 2 2 2 
Case 131072 0.0625
2 2 2 2 2 4 2 2 2 2 2 2 2 2 2 2 2 4 2 2 2 2 2 2 2 2 2 2 2 2 4 2 2 2 4 2 2 4 2 2 2 2 4 2 4 2 2 2 2 4 4 2 2 4 2 2 2 2 2 2 2 2 2 2 2 2 2 2 6 2 2 2 2 4 2 2 2 2 2 2 2 2 2 2 2 2 2 2 2 2 2 2 4 2 2 2 2 2 2 2 
Case 131072 0.125
2 2 4 2 2 2 2 2 2 2 4 2 2 2 2 2 2 2 2 2 2 2 2 4 2 2 2 2 2 4 4 2 2 4 2 2 2 2 2 2 2 4 2 2 2 2 2 2 2 2 2 2 6 2 2 2 2 2 2 2 4 2 2 2 2 2 2 2 2 2 2 2 2 2 2 2 2 2 2 2 2 2 2 2 2 2 4 4 2 2 2 2 2 2 2 4 2 2 6 2 
Case 131072 0.25
2 2 2 2 2 4 4 2 2 2 2 2 2 2 2 2 2 2 2 2 6 4 4 2 4 2 2 2 2 2 2 2 2 2 4 2 2 2 2 2 6 4 2 2 2 2 2 2 2 2 2 2 2 2 2 6 2 2 2 2 2 4 4 2 2 4 4 2 2 2 2 2 2 2 4 2 2 2 2 4 2 2 2 2 2 2 2 2 2 2 2 2 2 2 2 2 2 2 2 2 
Case 131072 0.5
2 2 6 2 2 4 4 2 2 4 2 2 2 2 2 2 2 2 2 2 2 2 2 2 2 4 4 2 2 4 2 4 2 2 2 4 4 4 2 2 2 2 2 2 2 2 2 2 2 2 4 2 2 2 2 2 2 2 2 2 2 2 2 2 2 2 2 4 2 2 2 2 2 2 2 2 2 2 4 2 2 4 2 2 2 2 2 2 2 4 2 2 4 2 2 2 2 2 2 4 
Case 131072 0.75
2 2 4 2 2 2 2 2 4 2 2 2 2 4 2 2 2 4 2 4 2 2 2 6 2 2 6 2 2 2 2 2 2 4 2 2 2 2 2 2 2 2 4 2 2 2 2 4 2 2 2 4 4 2 2 2 2 2 2 2 2 4 2 4 2 2 2 2 2 2 2 2 2 2 2 2 2 4 2 2 2 2 2 2 2 2 2 2 2 2 2 2 2 2 2 2 2 2 2 4 
Case 131072 0.875
2 2 2 2 2 2 2 2 2 2 2 2 4 2 2 2 2 2 4 2 2 2 2 4 2 2 2 2 4 2 2 2 2 6 2 2 2 2 2 2 2 2 2 2 2 4 2 2 2 2 2 2 2 2 2 2 2 2 2 2 2 2 2 2 2 2 2 2 2 2 2 2 2 2 2 2 2 4 2 2 2 2 2 2 2 2 2 2 2 2 2 2 2 6 2 2 2 6 2 2 
Case 131072 0.9375
4 2 2 2 2 2 2 2 2 2 2 2 2 2 2 2 2 2 2 2 2 2 2 4 2 4 2 2 2 4 2 2 2 2 4 2 2 2 2 2 2 2 2 2 2 2 2 2 2 2 4 2 2 2 2 2 4 2 2 2 2 2 2 2 2 2 2 4 2 2 2 4 2 2 2 2 2 4 2 2 2 2 2 2 2 4 2 4 2 2 2 2 2 2 2 2 2 2 2 2 
Case 131072 0.96875
2 2 2 2 2 2 4 2 2 2 2 4 2 2 2 2 2 4 2 2 2 4 2 2 2 2 2 4 2 2 2 4 2 2 2 2 2 4 2 2 2 2 2 2 2 2 2 2 4 2 2 2 2 2 2 2 2 2 2 2 2 4 4 2 2 2 2 2 2 2 2 2 2 2 2 2 2 2 2 4 4 2 2 2 2 2 2 2 2 2 2 2 2 2 2 2 2 2 4 2 
Case 131072 0.984375
2 2 4 2 4 2 2 2 2 2 2 2 2 2 6 4 2 2 2 2 2 2 2 2 2 2 2 2 2 2 2 2 2 2 2 2 2 2 2 2 2 2 6 2 2 4 2 2 2 2 2 4 2 2 2 2 2 2 2 2 2 2 2 2 2 2 2 2 4 2 2 2 2 2 2 2 6 2 2 2 2 2 2 2 2 4 2 2 2 2 2 2 2 2 2 2 2 2 2 2 
Case 131072 0.9921875
2 2 2 2 2 2 2 2 2 2 2 2 2 4 2 2 2 2 2 2 2 2 2 2 2 2 2 2 2 2 2 2 2 2 2 4 2 2 2 4 2 2 2 2 2 2 2 2 2 2 2 4 2 2 2 2 2 2 2 2 2 2 2 2 2 2 2 2 2 2 2 2 2 2 2 2 6 2 2 2 2 2 4 2 2 2 2 2 2 4 4 4 2 2 2 4 2 2 2 2 
Case 131072 0.99609375
2 2 2 4 2 2 2 2 2 2 2 2 2 2 2 2 4 4 4 2 2 2 2 2 4 2 2 2 2 2 2 2 2 4 2 2 4 2 2 2 2 2 2 2 4 2 2 2 2 2 2 2 2 2 2 2 2 2 2 2 4 2 2 2 2 2 2 2 8 2 2 2 2 4 2 2 2 2 2 2 4 2 2 4 2 4 2 4 2 2 2 2 4 2 2 2 2 2 2 2 
Case 131072 0.998046875
2 2 2 2 2 2 2 2 2 2 2 2 2 2 2 2 4 2 2 2 2 2 2 2 2 2 2 2 2 2 2 4 2 2 6 2 2 2 2 6 2 2 4 6 2 2 2 2 2 2 2 2 2 2 2 2 2 2 2 2 2 2 2 2 2 2 2 2 2 2 6 2 2 2 2 2 2 2 2 2 2 2 2 2 2 2 2 4 2 2 2 2 2 2 2 2 2 2 2 2 
Case 131072 0.9990234375
2 2 2 4 2 2 2 2 2 2 2 2 2 2 4 2 2 14 2 4 2 2 2 2 2 2 2 2 2 2 2 4 2 2 2 2 2 2 2 4 2 4 2 2 2 2 2 2 2 2 4 2 4 2 2 2 2 2 2 4 2 4 2 2 2 2 2 2 2 2 2 2 4 2 2 2 4 2 2 4 2 2 4 2 2 4 2 2 2 2 4 2 4 2 2 6 2 2 2 2 
Case 131072 0.99951171875
2 4 2 2 2 2 2 2 8 2 6 2 2 2 2 2 2 2 2 2 4 2 2 2 4 2 6 2 2 2 2 2 2 2 2 2 2 2 4 2 4 2 2 4 2 2 2 2 2 4 4 2 2 2 2 2 2 2 4 2 2 6 2 4 2 2 2 2 6 2 4 4 2 2 4 2 4 2 2 2 2 2 2 2 4 2 2 2 2 2 2 2 2 2 2 4 2 2 2 2 
Case 131072 0.999755859375
2 2 4 10 2 2 2 2 4 4 2 2 2 10 2 2 2 2 6 2 2 2 2 2 2 6 2 2 2 2 2 2 4 2 4 2 2 4 4 2 4 2 6 2 2 2 6 2 2 2 2 2 2 2 2 2 2 4 2 4 2 2 2 2 4 2 4 2 2 6 2 2 2 2 2 2 2 4 2 4 6 2 4 2 2 4 2 2 2 4 4 2 2 2 4 2 2 2 2 4 
Case 131072 0.9998779296875
2 2 2 2 2 2 4 4 4 2 2 6 4 4 2 2 2 12 4 2 4 6 2 6 4 4 2 6 2 6 4 4 14 2 2 4 4 4 4 2 2 2 6 4 2 4 6 2 2 4 2 10 2 2 2 6 2 4 2 4 4 2 2 4 4 4 4 2 6 14 4 2 6 6 2 2 2 6 2 4 2 2 8 2 2 4 6 4 2 4 2 4 6 6 4 2 4 4 6 2 
Case 131072 0.9999237060546875
2 10 2 4 2 2 2 8 2 2 4 6 2 2 8 6 2 2 2 4 2 10 2 2 2 2 6 6 6 4 2 2 2 4 2 6 4 4 6 10 2 6 2 8 10 2 2 2 2 2 4 12 4 6 2 2 2 2 2 4 6 2 4 2 4 4 4 10 2 6 6 2 2 4 2 4 4 2 2 2 4 2 2 4 2 4 8 4 2 2 4 2 2 4 4 6 2 2 6 2 
Case 262144 3.814697265625E-5
2 2 2 2 2 4 2 6 2 2 6 2 2 2 2 8 10 4 4 2 2 2 2 6 2 16 4 2 2 2 2 2 4 2 2 2 4 2 2 2 6 2 2 2 4 2 4 2 4 2 4 4 12 6 6 6 2 2 4 2 2 4 4 4 2 2 8 2 8 10 6 2 4 10 10 2 10 8 2 8 2 2 2 4 6 2 4 6 2 2 10 2 12 2 6 4 4 2 2 4 
Case 262144 6.103515625E-5
2 2 2 4 4 2 4 4 2 2 2 2 2 4 2 4 2 2 2 4 8 2 2 2 4 2 4 4 6 2 6 4 4 6 2 2 2 2 2 18 4 2 2 6 2 2 4 4 4 4 6 4 2 14 10 4 4 10 2 4 2 2 4 6 4 4 6 2 2 4 2 8 8 4 2 2 2 2 10 2 2 2 2 16 4 2 2 6 2 2 2 2 4 2 6 2 2 4 2 2 
Case 262144 1.220703125E-4
2 6 2 2 2 6 2 2 2 2 2 4 2 2 2 4 2 2 2 2 2 2 2 2 2 4 2 4 2 2 2 2 2 2 2 4 10 2 6 2 4 2 4 2 2 4 2 4 2 2 2 2 2 2 2 4 2 2 2 6 2 4 2 4 4 4 2 4 2 2 2 4 4 4 2 2 2 2 4 2 2 6 2 2 2 4 4 2 2 8 2 4 2 2 2 4 2 2 4 4 
Case 262144 2.44140625E-4
4 2 4 2 2 2 2 2 2 4 2 2 4 2 2 2 4 2 2 2 4 4 2 2 2 2 2 2 2 6 2 4 2 2 2 2 4 2 2 2 2 2 4 2 4 2 2 2 4 2 2 2 2 6 2 2 4 2 2 2 2 2 2 2 2 2 2 2 2 2 2 2 2 2 4 2 2 4 2 2 2 2 8 4 2 4 6 2 2 2 4 2 2 4 2 4 2 2 4 2 
Case 262144 4.8828125E-4
2 2 2 2 2 2 8 2 6 2 6 2 2 2 2 4 2 2 2 2 4 2 2 2 2 2 4 4 2 2 4 2 2 2 2 2 2 6 2 4 2 2 2 2 4 2 2 2 2 2 2 2 2 2 2 2 2 2 2 2 2 2 8 2 2 2 2 4 2 2 2 4 4 2 2 2 2 4 2 2 2 2 2 2 4 2 4 2 2 2 2 4 2 2 2 2 2 2 4 4 
Case 262144 9.765625E-4
2 2 2 2 2 2 2 4 2 2 2 2 2 6 2 2 2 6 2 2 2 2 4 4 2 2 2 2 2 2 2 2 2 2 2 2 2 2 2 2 4 4 2 2 2 2 2 2 2 2 2 2 2 2 2 2 2 2 2 2 2 4 2 2 2 2 2 2 2 2 2 2 4 2 2 2 2 4 2 2 2 2 2 2 2 2 2 2 4 2 2 2 2 2 2 2 2 2 2 2 
Case 262144 0.001953125
2 2 2 2 2 2 2 2 2 2 2 2 2 2 2 2 2 2 2 2 2 2 2 2 2 2 2 2 2 2 4 2 2 2 2 2 2 2 2 2 2 2 2 4 2 4 2 2 4 2 2 2 2 2 2 4 2 2 2 2 2 2 2 2 2 4 2 2 2 2 2 2 2 2 2 2 4 4 2 2 2 2 4 2 2 2 2 2 2 2 2 2 2 2 2 2 2 4 4 4 
Case 262144 0.00390625
2 2 2 2 2 2 2 2 2 4 2 2 2 4 2 4 2 2 4 2 2 2 2 2 2 2 2 2 2 2 2 4 2 2 2 2 2 2 2 2 2 2 2 2 2 2 2 4 6 2 2 2 2 2 2 2 2 2 2 2 2 2 2 2 2 2 2 2 2 2 2 2 4 2 2 2 4 2 2 2 2 2 2 2 2 2 2 2 2 2 2 2 2 2 2 2 2 4 2 2 
Case 262144 0.0078125
2 2 2 2 2 2 4 2 2 2 4 2 2 2 2 2 2 2 2 2 4 4 2 4 2 2 4 2 2 2 2 4 2 2 2 2 2 2 2 2 2 2 4 2 2 2 4 2 2 2 4 2 2 4 2 2 2 2 2 2 2 4 2 2 2 2 2 2 2 2 2 2 2 2 2 2 4 2 2 2 2 2 2 2 2 2 4 4 2 2 4 2 2 2 4 2 2 2 2 2 
Case 262144 0.015625
2 4 2 2 2 2 2 2 2 4 2 2 2 4 4 2 6 2 2 2 2 2 2 2 2 2 2 2 2 2 2 2 2 2 2 2 2 2 2 2 2 2 2 2 2 2 2 2 2 2 2 2 2 2 2 2 2 2 2 2 2 2 4 2 2 2 2 2 2 2 2 2 2 2 4 2 2 2 2 2 2 4 2 2 2 4 2 2 4 2 2 2 2 2 2 2 2 2 2 2 
Case 262144 0.03125
2 2 2 2 2 2 2 2 2 2 6 4 2 2 2 2 2 2 2 2 2 2 2 2 2 2 2 2 6 2 2 2 2 2 2 2 2 2 2 2 2 2 2 2 2 2 2 2 2 2 2 2 2 2 2 2 2 2 2 2 2 2 2 2 2 2 2 2 2 2 2 2 2 2 4 2 4 2 2 2 2 2 2 2 2 2 2 2 2 2 2 4 2 2 2 4 2 4 2 2 
Case 262144 0.0625
2 2 2 2 2 2 2 2 2 4 2 4 2 2 2 2 2 2 2 2 4 2 2 4 2 2 2 2 2 2 2 2 2 4 2 2 2 2 4 2 2 4 2 2 2 6 2 2 2 4 2 2 4 2 2 2 2 2 4 2 2 2 2 2 2 2 2 2 2 4 2 2 2 2 2 2 2 2 2 2 2 2 2 4 2 2 2 2 2 2 2 2 2 2 2 4 4 2 2 2 
Case 262144 0.125
2 2 4 2 2 4 2 2 2 2 2 6 2 6 2 2 2 2 2 2 2 2 2 2 2 4 2 2 2 2 2 2 4 2 2 2 2 2 2 2 2 2 2 2 2 2 4 2 2 2 2 4 2 2 2 2 2 2 2 2 2 2 2 2 2 2 2 2 2 4 2 2 2 2 2 2 2 2 2 2 2 2 2 2 2 2 2 2 2 2 2 2 2 2 2 2 2 4 2 2 
Case 262144 0.25
2 2 2 2 2 2 2 6 2 2 2 2 2 2 2 2 2 4 2 2 2 2 4 2 2 2 2 2 2 4 2 2 4 2 2 2 2 2 2 2 2 2 4 2 2 2 2 2 2 2 2 2 2 2 2 2 2 2 2 2 2 2 2 2 2 2 2 2 2 2 4 2 2 2 2 2 2 2 2 2 4 2 2 2 2 4 2 2 2 2 2 2 2 4 2 2 2 2 2 2 
Case 262144 0.5
2 2 2 2 2 2 2 4 2 2 2 2 2 2 4 2 2 2 2 2 2 2 2 2 2 2 2 2 2 2 2 2 2 2 2 2 2 2 2 2 2 2 2 2 2 2 2 2 4 2 2 2 2 2 4 2 4 2 4 2 2 4 2 2 2 2 2 2 2 2 2 2 2 2 2 2 2 2 2 2 4 4 2 2 2 2 2 2 2 2 2 4 4 2 2 4 2 2 2 2 
Case 262144 0.75
2 2 2 2 2 2 4 2 2 2 2 2 2 2 2 2 2 2 2 2 2 4 2 2 2 4 2 2 4 2 2 2 2 2 2 2 2 2 2 2 2 4 2 2 6 4 2 2 2 2 2 2 2 2 2 2 2 4 4 2 2 2 2 4 2 2 2 2 2 4 2 2 2 2 4 2 2 2 2 2 2 2 2 4 2 2 2 4 2 2 2 2 2 2 2 2 2 2 2 2 
Case 262144 0.875
6 6 2 2 2 2 2 2 4 2 2 4 2 2 2 2 2 2 2 2 2 4 2 2 4 2 2 2 2 2 2 2 2 2 2 2 2 2 2 2 2 2 2 2 2 6 4 2 2 2 2 2 2 2 2 2 2 2 2 2 2 2 2 2 2 2 2 2 2 2 2 2 2 2 2 2 2 2 2 2 2 2 2 2 2 2 2 2 2 2 2 2 2 2 2 4 2 2 2 2 
Case 262144 0.9375
2 2 2 2 2 2 2 2 2 2 4 2 2 2 2 2 4 2 2 2 2 2 4 2 2 2 4 2 2 2 2 2 2 2 4 2 4 2 2 2 2 2 2 2 2 2 2 2 4 2 2 2 2 2 2 2 2 2 2 2 2 2 2 4 2 2 2 2 2 2 2 2 2 2 2 2 2 2 2 2 2 4 2 2 4 2 2 4 4 2 2 2 2 2 2 4 2 2 2 2 
Case 262144 0.96875
2 2 2 2 4 2 2 2 2 2 4 2 2 2 2 2 2 2 2 2 4 2 2 2 2 2 4 2 2 2 2 2 2 2 2 2 4 2 2 2 2 2 2 4 2 2 4 2 2 2 2 2 2 2 2 2 2 2 2 4 2 4 2 2 2 2 2 4 4 2 4 4 2 2 2 2 2 2 2 2 2 2 2 2 2 2 2 2 2 2 2 2 2 2 2 2 2 2 2 2 
Case 262144 0.984375
2 6 2 2 2 2 2 4 2 2 2 6 2 2 2 2 2 2 2 2 2 2 2 2 2 2 2 2 2 2 2 2 2 2 2 2 2 2 2 2 2 2 2 2 2 2 2 2 2 2 4 2 2 2 2 2 2 2 2 2 2 2 2 2 4 2 4 2 2 2 4 4 2 2 2 2 2 2 2 2 2 2 2 2 2 2 2 2 2 2 2 2 2 4 2 2 2 2 2 2 
Case 262144 0.9921875
2 2 2 2 2 2 2 2 4 2 2 2 2 2 2 2 4 2 4 2 2 2 2 2 2 2 2 2 2 2 2 2 2 4 2 2 2 4 2 2 2 2 2 2 2 2 2 2 2 2 2 2 2 2 2 2 2 2 2 2 2 2 2 2 2 2 2 2 2 2 2 2 2 2 2 2 2 2 2 2 2 2 2 2 2 4 2 2 2 4 2 2 2 2 2 2 4 2 2 2 
Case 262144 0.99609375
2 2 2 10 2 2 4 2 4 2 2 2 2 2 2 2 2 2 2 2 2 2 4 2 2 2 2 2 4 2 2 2 2 2 2 2 2 2 2 2 2 2 2 2 4 2 2 2 2 2 2 2 2 2 2 2 2 4 2 2 2 2 2 2 2 4 2 2 2 2 6 2 2 2 2 2 2 2 2 4 2 2 2 2 2 2 2 2 2 2 4 2 2 2 2 2 2 2 2 2 
Case 262144 0.998046875
4 2 2 2 2 2 4 6 4 2 2 2 2 2 2 2 6 2 2 2 2 2 2 2 2 2 2 2 2 2 2 2 2 4 2 2 2 2 2 2 2 2 4 2 2 2 2 2 2 2 2 2 4 2 2 4 2 2 2 2 2 2 2 2 2 2 2 2 4 2 2 2 2 2 2 2 2 2 2 2 2 2 2 2 2 2 2 2 2 2 2 2 2 2 2 2 2 2 4 2 
Case 262144 0.9990234375
2 4 2 2 2 2 2 2 4 2 2 2 2 2 2 4 2 2 2 2 2 6 2 2 8 2 2 2 2 2 2 2 2 2 2 2 2 2 2 2 2 2 2 2 2 4 4 2 2 4 4 6 2 2 2 2 2 2 2 4 2 2 4 2 2 2 2 2 2 2 4 2 4 2 2 2 2 2 2 2 2 2 2 2 2 2 2 2 2 2 2 2 2 2 8 4 2 2 2 2 
Case 262144 0.99951171875
2 2 4 2 2 2 2 2 2 2 2 2 4 2 2 6 2 4 2 6 2 2 2 2 4 2 2 2 2 2 4 2 2 2 2 2 4 2 2 2 2 4 2 2 2 2 2 2 4 2 2 2 2 2 2 2 2 2 2 2 2 2 2 2 2 2 2 2 2 2 2 8 2 2 2 2 2 2 2 4 2 2 2 2 2 2 4 2 2 2 2 2 2 2 2 2 2 2 2 4 
Case 262144 0.999755859375
2 4 6 6 2 2 2 2 2 2 2 2 2 2 2 2 4 2 4 2 4 2 2 4 2 2 2 2 2 8 2 2 2 4 2 2 2 2 2 2 2 2 2 2 2 2 2 2 4 2 4 2 2 2 2 2 2 2 2 2 4 2 4 2 2 2 2 2 2 2 2 2 2 2 2 2 2 2 2 2 2 2 2 2 6 4 4 2 2 2 4 2 2 2 4 2 2 2 2 2 
Case 262144 0.9998779296875
2 6 2 2 4 4 2 2 2 2 4 4 6 2 2 2 2 2 4 2 2 2 2 2 2 4 2 4 6 4 2 4 2 2 2 2 2 2 6 2 2 2 2 2 2 2 2 6 2 2 2 4 6 2 4 2 4 4 2 4 2 4 2 8 2 4 2 2 2 2 2 14 2 2 2 2 2 2 6 2 2 2 4 4 4 2 2 2 2 2 4 2 2 2 6 4 2 6 2 4 
Case 262144 0.99993896484375
2 2 6 2 4 2 2 2 2 4 6 4 2 4 2 2 2 2 2 2 12 2 8 6 4 2 2 2 2 6 2 4 4 6 2 2 4 2 4 2 4 2 2 2 2 6 6 2 4 2 2 2 2 6 8 2 2 2 4 2 2 2 4 4 2 2 8 2 4 2 2 4 2 2 2 2 8 6 6 6 2 2 4 4 2 4 4 2 2 4 2 12 2 2 2 2 2 4 2 4 
Case 262144 0.9999618530273438
6 2 12 4 2 2 8 2 2 2 2 2 8 2 4 2 2 12 10 4 4 2 2 6 4 4 4 6 4 2 2 2 2 6 2 2 6 2 4 4 2 6 4 8 6 2 4 2 2 2 6 2 8 4 2 2 2 2 2 2 4 4 18 6 4 4 2 16 2 4 2 4 2 4 2 6 2 4 2 4 2 2 2 2 2 8 2 2 4 4 2 4 2 2 2 2 2 4 2 4 
Case 524288 1.9073486328125E-5
2 4 2 2 2 8 6 6 2 2 6 8 4 4 2 2 2 6 2 2 2 2 4 4 8 6 2 2 6 6 4 4 4 4 8 2 4 2 2 4 2 4 4 2 4 8 6 2 4 2 2 2 2 4 8 2 2 2 2 2 2 2 2 4 2 2 4 6 2 4 2 4 10 20 4 2 2 2 2 2 2 2 8 2 8 6 4 2 6 2 4 8 4 4 2 2 10 6 4 2 
Case 524288 3.0517578125E-5
2 2 2 4 6 4 2 2 2 2 4 2 2 2 4 2 4 2 8 2 12 2 4 2 6 2 4 2 6 4 4 2 2 2 4 4 4 2 2 2 4 4 2 2 2 6 2 2 2 2 2 2 8 4 2 2 2 4 4 4 2 2 2 2 2 2 2 2 2 4 4 2 8 2 6 4 2 4 2 2 2 2 6 4 2 2 2 2 2 4 4 2 2 2 8 2 4 2 2 2 
Case 524288 6.103515625E-5
2 2 8 4 2 2 2 4 2 2 4 2 2 2 2 4 6 2 2 4 2 2 2 2 2 2 2 2 2 4 4 2 2 2 2 2 2 4 2 4 2 2 2 2 2 2 2 2 6 8 2 4 2 2 2 2 2 2 2 2 2 2 2 2 2 2 8 4 4 6 2 4 2 2 4 2 2 2 2 4 2 2 4 2 2 4 2 2 4 2 2 2 4 2 4 2 4 2 2 2 
Case 524288 1.220703125E-4
2 6 2 2 2 2 2 2 2 4 4 6 2 2 2 2 4 2 2 2 2 2 2 8 4 2 2 4 2 2 2 2 2 2 2 2 2 2 2 2 2 2 2 2 6 2 2 2 2 2 2 2 2 4 4 4 2 4 2 4 4 2 2 2 6 2 2 2 4 2 4 2 2 4 2 2 2 4 6 2 2 4 2 4 2 6 2 2 2 4 2 2 2 2 2 4 4 2 2 2 
Case 524288 2.44140625E-4
2 2 2 2 2 2 2 2 2 2 2 2 4 2 2 2 2 2 2 2 2 2 2 2 4 2 2 2 4 4 2 6 2 4 4 2 2 2 4 4 2 2 2 2 2 2 2 2 2 4 2 4 4 2 2 2 2 2 6 4 2 2 4 4 2 2 2 2 2 2 2 4 2 4 2 6 4 2 2 2 2 2 2 2 2 2 4 2 2 2 2 2 4 2 6 2 4 2 2 2 
Case 524288 4.8828125E-4
2 2 2 2 2 4 6 2 4 2 2 2 2 4 2 2 2 6 2 2 2 4 2 2 2 2 2 2 2 2 2 2 2 2 2 2 2 2 2 2 4 2 4 2 2 4 2 4 2 2 2 2 2 2 2 2 2 2 2 2 2 2 4 4 4 2 2 2 2 6 2 2 2 2 2 2 2 2 2 2 2 2 2 4 2 2 2 2 2 2 4 2 2 2 2 2 2 2 2 2 
Case 524288 9.765625E-4
2 2 2 2 4 2 2 2 2 2 2 2 2 2 2 2 2 2 4 2 2 2 4 2 2 2 2 2 2 2 2 2 2 6 2 2 2 2 2 2 2 2 2 4 2 2 2 2 2 4 2 4 2 2 2 2 2 2 2 2 2 4 2 2 2 2 2 2 2 4 2 2 2 2 4 4 2 2 2 2 2 4 2 2 2 2 2 2 2 4 2 2 2 2 2 4 2 2 4 2 
Case 524288 0.001953125
2 2 2 4 4 2 2 2 2 2 2 2 2 2 2 2 2 2 2 2 2 2 2 2 2 2 4 2 2 2 2 2 2 2 2 2 2 2 2 2 2 2 2 2 2 2 2 2 4 2 2 2 2 2 2 6 2 2 2 2 2 6 2 2 2 2 2 2 2 2 2 2 2 2 2 2 2 2 2 2 2 2 2 4 2 2 2 4 2 2 2 4 2 2 2 2 2 4 2 2 
Case 524288 0.00390625
2 2 2 2 2 2 2 2 2 2 2 2 2 2 2 2 2 2 2 2 2 2 2 2 2 6 2 2 2 2 2 2 2 2 4 2 2 2 2 2 2 4 2 2 2 2 6 2 2 2 2 2 2 2 2 2 2 2 2 2 2 2 2 2 2 2 2 2 2 2 4 2 2 2 2 2 2 2 4 2 2 4 2 2 4 2 2 2 2 2 4 2 2 2 2 2 4 2 2 2 
Case 524288 0.0078125
2 2 2 2 2 2 2 2 2 2 2 2 2 2 2 2 2 2 2 4 2 2 8 2 2 2 2 2 2 2 2 2 2 2 2 2 2 4 2 2 2 2 2 4 2 2 2 2 2 2 2 2 2 2 4 6 2 4 2 2 2 2 2 2 4 2 2 2 2 2 2 2 2 2 4 2 2 2 2 2 2 2 2 2 2 2 2 2 2 2 2 2 4 2 4 2 2 2 2 2 
Case 524288 0.015625
2 2 2 2 4 2 2 2 2 2 2 2 4 2 2 2 2 2 2 2 2 2 2 4 4 2 2 2 2 4 2 2 2 2 2 2 2 2 2 2 2 2 2 2 2 2 2 2 2 2 2 4 2 4 2 2 2 2 2 4 2 2 2 2 2 2 2 2 2 2 6 2 2 2 2 2 2 2 2 2 2 2 2 2 2 4 4 2 2 2 2 2 2 4 2 4 2 2 2 2 
Case 524288 0.03125
2 2 2 2 4 2 2 2 2 2 2 2 4 2 2 2 2 2 2 4 4 2 2 2 2 4 2 2 4 4 2 4 2 2 2 2 2 4 2 4 2 2 4 2 2 6 2 2 2 2 2 6 2 2 2 2 2 2 2 2 2 2 2 2 2 2 2 2 2 2 2 2 2 2 2 2 2 2 2 2 2 2 2 2 2 2 2 4 2 4 4 4 4 2 2 2 2 2 2 2 
Case 524288 0.0625
2 4 2 2 4 2 2 2 4 2 2 4 2 2 4 2 2 2 2 2 2 2 2 2 2 2 2 2 2 2 2 2 2 2 2 2 4 6 2 2 2 2 2 2 2 2 2 2 2 4 2 2 2 4 2 2 2 2 2 2 2 2 2 2 2 2 2 2 2 2 2 2 2 2 2 2 2 4 2 2 2 2 2 2 2 2 2 2 2 6 2 4 2 2 2 4 2 2 2 2 
Case 524288 0.125
2 4 2 2 2 2 2 6 2 2 2 4 2 2 2 2 4 2 2 2 2 2 2 2 2 2 2 2 2 2 2 2 2 2 2 2 2 2 2 2 2 2 2 2 2 2 2 2 2 2 2 2 2 2 2 2 2 4 2 2 2 2 2 2 2 2 2 2 4 2 2 2 4 2 2 2 2 2 2 2 2 2 2 2 4 6 4 2 2 2 2 2 2 2 2 6 2 2 2 2 
Case 524288 0.25
2 2 2 2 2 2 2 2 2 2 2 2 2 2 2 2 2 4 2 2 4 2 2 2 2 2 2 4 2 2 2 2 2 4 2 2 2 2 2 2 2 2 2 2 2 2 2 2 2 2 2 2 2 4 2 2 2 4 4 2 4 2 2 2 2 2 2 2 4 2 2 2 2 2 2 2 2 2 2 6 2 2 2 2 2 2 2 2 4 2 2 2 4 2 2 2 2 2 2 2 
Case 524288 0.5
4 2 2 4 2 4 4 2 2 2 4 2 2 2 4 2 2 2 2 2 2 2 2 2 2 2 4 2 2 2 2 4 2 2 4 2 2 2 2 2 2 2 2 2 2 4 2 2 4 2 2 4 2 4 2 2 2 2 2 2 2 2 2 2 2 2 2 2 2 2 2 2 2 2 2 2 2 2 2 2 2 2 2 2 2 2 2 2 2 2 2 2 2 2 2 2 2 2 2 2 
Case 524288 0.75
2 2 2 2 2 2 2 2 2 4 2 2 2 2 2 2 2 2 2 2 2 2 2 2 2 2 2 2 2 2 4 2 2 2 2 2 2 2 2 2 2 2 2 2 4 2 2 2 6 2 2 2 2 2 2 2 2 2 2 2 2 2 2 6 2 2 2 2 2 2 2 2 2 2 2 2 2 2 2 2 2 2 2 4 2 2 2 2 2 2 2 2 2 2 2 2 4 2 6 2 
Case 524288 0.875
4 2 2 2 2 2 2 4 2 2 2 2 2 2 2 2 2 2 2 2 2 2 2 4 2 2 2 6 2 2 2 2 2 2 2 2 2 2 2 2 2 2 2 2 2 2 2 2 2 2 2 2 2 2 2 2 2 2 4 2 2 2 2 6 2 2 2 2 2 4 2 2 4 2 2 2 2 2 2 2 4 2 2 4 2 2 2 2 2 4 4 2 2 2 2 2 2 2 2 2 
Case 524288 0.9375
2 6 2 2 2 2 4 2 2 2 2 2 2 2 2 2 2 2 2 2 2 2 2 2 2 2 4 2 2 2 2 2 2 2 2 2 2 2 2 4 2 2 2 2 2 2 2 2 2 2 2 2 2 4 2 2 2 2 2 2 2 4 2 2 2 2 2 2 2 2 2 2 2 2 2 2 2 2 2 2 2 4 2 2 2 2 2 2 2 4 2 2 2 2 2 2 2 4 4 2 
Case 524288 0.96875
2 2 4 2 2 2 2 2 2 2 2 4 2 2 2 4 2 2 2 2 2 2 2 2 2 2 2 2 4 2 2 2 2 2 2 2 4 2 2 2 2 2 4 2 2 2 2 2 2 2 2 2 2 2 2 2 4 2 2 2 2 2 2 2 4 2 4 2 2 2 4 6 4 2 4 2 2 2 2 2 4 2 2 2 2 2 2 2 2 2 2 2 2 2 2 2 2 4 2 2 
Case 524288 0.984375
2 2 4 2 2 2 2 2 2 2 2 2 2 2 2 2 2 4 4 2 2 2 2 2 2 2 2 2 2 2 2 2 2 2 4 4 2 2 2 2 2 2 2 2 2 2 4 2 4 2 2 2 2 2 2 2 2 2 2 2 2 2 2 2 2 2 2 2 2 2 2 2 2 2 2 2 4 2 4 2 4 2 2 2 2 2 2 2 2 2 2 4 2 2 2 2 2 2 2 4 
Case 524288 0.9921875
2 2 4 4 2 4 2 2 2 2 2 2 4 2 2 2 2 2 2 2 2 2 2 2 2 2 4 2 2 2 2 4 2 2 4 2 2 2 4 2 2 2 2 4 2 2 2 2 2 2 2 2 2 2 2 2 2 2 2 2 2 2 2 2 2 2 2 2 2 2 2 4 2 2 2 2 2 2 2 2 4 2 2 2 2 4 2 2 2 2 2 2 4 2 2 2 6 2 2 2 
Case 524288 0.99609375
2 2 2 4 2 2 2 2 2 2 8 2 4 2 2 2 2 2 2 2 2 2 2 2 2 2 2 2 2 2 2 2 2 2 2 2 2 2 2 2 2 6 4 2 2 2 4 2 2 2 2 4 2 2 4 2 2 2 2 4 2 2 2 2 2 2 4 2 4 2 2 2 2 2 2 2 2 2 2 2 2 2 2 2 2 2 4 2 6 2 2 2 2 4 2 2 4 4 2 2 
Case 524288 0.998046875
2 2 2 2 2 2 2 2 2 2 2 2 2 2 2 2 2 2 2 2 2 2 2 2 2 6 2 2 2 2 2 2 2 6 4 6 2 2 2 2 2 2 2 4 2 2 2 2 2 2 2 2 4 2 2 2 2 2 2 2 2 2 2 2 2 2 4 2 2 2 2 2 2 2 2 2 2 2 2 2 2 2 2 2 2 2 2 4 2 2 4 2 2 2 2 4 2 2 2 2 
Case 524288 0.9990234375
2 2 2 2 2 2 2 2 2 2 4 2 2 2 2 2 2 2 2 2 2 2 2 2 2 2 4 2 2 2 2 2 2 2 2 2 2 2 2 2 2 2 4 2 2 2 2 2 2 2 2 2 2 2 2 4 2 2 2 2 2 8 2 2 2 2 2 2 2 2 2 2 2 4 2 2 4 2 2 2 2 4 2 2 2 2 2 4 2 2 2 2 2 2 2 2 2 2 2 2 
Case 524288 0.99951171875
2 2 2 2 2 2 4 2 2 2 2 2 2 2 2 2 2 2 2 2 2 8 2 2 2 2 2 2 2 2 2 2 2 2 2 2 2 2 2 2 2 6 2 2 2 2 2 2 2 2 2 2 2 2 2 2 2 2 2 2 2 2 2 2 2 2 2 2 4 2 4 2 4 4 2 2 2 2 2 2 4 2 2 2 2 2 4 4 2 2 2 2 2 2 2 2 2 2 2 2 
Case 524288 0.999755859375
2 2 6 4 2 2 2 2 2 4 2 2 2 2 2 2 2 2 4 4 2 2 2 2 2 2 2 2 4 2 4 2 2 2 2 2 2 2 2 2 2 2 4 6 2 2 2 2 2 2 2 2 2 2 2 2 2 2 2 2 6 4 4 2 2 2 4 4 2 2 2 6 2 2 2 8 2 4 2 2 2 2 2 2 2 2 2 4 6 2 2 4 4 2 2 2 4 2 2 2 
Case 524288 0.9998779296875
2 2 4 2 4 2 2 2 2 2 4 2 2 4 4 2 2 2 2 2 2 2 2 2 4 2 2 2 2 4 2 8 2 2 2 2 2 6 2 2 2 2 4 4 2 2 2 4 2 4 4 2 2 6 2 4 4 2 4 2 4 2 2 2 4 2 2 2 2 2 2 4 6 2 2 2 2 2 2 2 4 6 2 2 2 2 2 2 2 2 6 2 2 2 2 4 2 2 2 4 
Case 524288 0.99993896484375
2 2 6 2 4 2 2 4 4 2 4 2 2 2 2 2 2 2 6 2 2 4 6 4 4 2 2 8 2 4 4 2 2 2 2 2 2 2 2 2 2 2 4 2 2 2 2 2 2 2 2 2 6 2 4 4 2 2 2 2 2 6 2 2 6 4 6 4 2 2 2 4 2 4 2 2 4 4 2 10 4 6 4 2 2 2 2 4 2 2 2 2 2 4 4 2 2 4 2 2 
Case 524288 0.999969482421875
2 2 2 4 6 6 4 4 2 2 2 2 2 2 2 4 2 2 4 2 2 8 2 2 2 2 2 2 4 4 2 2 4 2 2 2 2 2 2 2 2 2 10 4 2 2 4 4 2 16 6 2 2 2 8 2 6 4 4 2 2 2 4 2 10 4 2 2 2 10 2 8 2 2 2 2 2 2 2 2 4 2 2 4 4 4 6 2 2 6 2 2 4 2 2 2 4 4 4 2 
Case 524288 0.9999809265136719
4 8 2 2 6 4 2 2 2 2 4 4 2 8 4 2 2 14 6 2 4 4 2 2 4 2 6 2 2 6 2 2 4 4 4 4 6 4 16 4 2 4 4 10 6 2 2 8 2 2 4 6 10 2 2 8 8 2 2 6 2 2 4 2 2 2 10 8 6 2 6 4 2 2 2 2 4 14 4 4 8 2 2 4 4 8 2 6 6 2 6 12 2 4 4 2 2 4 4 6 
Case 1048576 9.5367431640625E-6
2 2 2 2 6 2 2 2 4 2 6 2 4 4 4 6 2 12 6 2 10 2 2 2 2 2 2 2 4 8 2 2 10 4 6 8 2 4 4 2 4 4 2 8 2 2 4 2 6 2 4 8 4 2 2 4 2 8 2 2 4 4 10 4 4 4 2 2 2 4 2 2 2 4 2 2 2 4 8 4 4 2 4 4 2 2 2 2 4 2 2 4 8 2 10 2 6 4 14 4 
Case 1048576 1.52587890625E-5
4 4 2 2 2 6 4 2 2 4 2 2 4 2 4 2 12 2 2 6 4 2 4 2 4 4 2 2 6 2 16 2 2 4 4 2 4 4 12 2 2 2 2 2 6 2 2 2 4 2 2 2 4 2 2 4 4 2 4 4 2 2 4 6 2 2 2 4 2 2 6 6 2 2 4 4 2 2 2 4 6 4 2 6 2 8 2 2 4 2 2 2 4 4 2 2 2 4 4 2 
Case 1048576 3.0517578125E-5
2 2 2 2 6 2 2 2 2 2 4 4 6 2 6 6 2 2 6 2 2 2 4 2 10 4 8 2 2 4 2 2 2 4 4 2 4 4 6 2 2 2 2 2 4 2 2 4 4 2 4 4 2 2 6 2 2 4 2 4 4 2 2 4 2 4 6 2 2 2 2 2 2 2 2 2 4 4 2 4 2 2 2 2 2 2 2 2 2 2 2 2 8 4 2 2 2 4 2 2 
Case 1048576 6.103515625E-5
2 2 2 2 4 2 2 4 2 2 2 2 2 4 2 2 2 4 2 2 2 2 2 2 2 4 2 2 2 2 2 2 2 2 2 2 2 2 4 2 4 4 2 4 2 2 2 6 4 4 2 2 2 4 2 2 2 2 2 6 2 2 4 4 4 2 2 6 2 2 2 2 2 2 2 2 2 2 2 4 2 2 2 2 4 4 2 2 2 2 2 4 6 2 4 2 4 2 4 4 
Case 1048576 1.220703125E-4
2 2 2 6 2 4 2 2 2 2 4 4 4 2 2 4 2 4 2 2 2 2 2 2 2 2 2 6 4 2 2 2 6 2 2 2 2 2 2 2 6 2 4 4 2 2 2 2 2 2 4 2 4 2 2 2 4 2 4 2 2 4 6 4 4 2 4 4 2 2 2 2 2 2 2 2 2 2 4 4 2 2 2 2 2 2 2 2 4 2 2 2 2 2 2 2 2 2 2 2 
Case 1048576 2.44140625E-4
2 2 2 2 2 2 2 2 2 2 2 2 2 2 2 2 2 2 2 2 2 4 4 2 2 2 2 2 4 2 4 2 2 2 4 2 2 2 2 2 4 2 2 2 2 2 2 2 2 2 4 4 2 2 2 2 2 2 4 2 2 2 2 2 2 2 4 2 2 4 2 2 2 2 2 2 2 2 2 2 2 2 2 2 2 2 2 4 2 2 2 2 2 2 2 4 2 2 2 2 
Case 1048576 4.8828125E-4
2 2 2 2 2 2 6 4 2 2 2 2 2 2 2 2 2 4 2 2 4 2 4 2 2 2 2 2 2 2 2 4 2 2 4 4 2 2 2 2 2 2 2 2 4 2 2 2 2 4 2 2 2 8 2 4 2 4 2 4 2 2 2 2 4 2 4 2 2 4 2 2 2 2 2 2 2 2 2 2 2 2 2 2 2 2 2 2 2 2 2 2 2 2 2 2 2 2 2 2 
Case 1048576 9.765625E-4
2 2 2 2 2 2 4 2 2 2 2 2 6 2 2 2 4 2 2 2 2 2 4 2 2 2 2 2 2 2 2 2 2 2 2 2 2 2 2 2 2 2 2 2 2 2 2 2 2 4 2 4 2 2 4 2 2 2 2 2 4 2 2 2 2 2 2 2 2 2 2 2 2 2 2 2 6 2 2 2 4 2 4 2 2 2 2 2 2 2 2 2 2 2 2 2 2 4 4 2 
Case 1048576 0.001953125
4 2 2 2 2 2 2 2 2 2 2 2 2 2 2 2 2 2 2 2 2 2 2 2 2 2 2 2 4 2 2 2 2 2 2 2 2 2 2 2 2 4 2 2 2 2 2 2 2 2 2 2 2 2 2 2 2 2 2 2 2 2 2 4 2 2 2 2 2 2 2 2 2 2 2 2 2 2 2 2 2 4 8 2 2 2 2 2 2 2 2 2 2 2 2 2 2 2 2 2 
Case 1048576 0.00390625
2 2 2 4 2 2 2 2 2 2 2 2 2 6 2 4 2 2 2 2 2 2 2 2 4 2 2 2 2 2 2 2 2 2 2 2 2 2 2 2 2 2 2 2 2 2 2 2 2 2 2 2 2 2 2 2 2 2 2 2 4 2 2 2 2 2 4 2 2 2 2 2 2 2 2 2 2 2 2 4 2 2 2 2 2 2 2 2 2 2 2 4 2 2 2 2 2 2 2 2 
Case 1048576 0.0078125
2 4 2 2 2 4 2 2 2 2 2 6 4 2 2 2 2 2 2 2 2 2 2 2 2 2 2 2 2 2 2 2 2 2 4 2 2 2 2 2 2 2 6 4 2 2 2 2 2 2 2 2 2 2 2 2 2 2 2 2 2 2 2 2 2 2 2 2 4 2 2 2 2 2 2 2 2 2 2 2 2 2 2 2 2 2 2 2 2 2 2 2 2 2 2 2 2 2 2 2 
Case 1048576 0.015625
2 2 4 2 2 2 2 2 2 2 2 2 2 2 2 2 2 2 2 2 2 4 2 2 2 2 2 2 2 4 2 2 2 2 2 2 2 2 6 2 2 2 2 2 4 4 2 2 2 2 2 2 2 2 2 2 2 2 2 2 2 2 2 6 4 2 2 2 2 4 2 4 2 2 2 2 2 2 2 2 2 2 2 2 2 4 2 2 2 2 2 2 2 2 2 2 2 2 2 2 
Case 1048576 0.03125
2 2 2 2 2 2 2 2 2 2 2 2 2 2 2 2 2 2 2 2 2 2 4 2 2 2 2 4 2 2 2 2 2 2 2 4 2 2 2 2 2 2 2 2 2 2 4 2 2 2 2 2 2 2 2 2 2 2 2 2 2 2 2 2 2 2 2 2 2 2 2 2 2 2 4 2 4 2 4 2 2 4 2 2 2 2 2 2 2 2 2 2 2 2 2 2 2 2 2 2 
Case 1048576 0.0625
2 2 2 2 2 2 2 2 2 2 2 2 2 2 2 2 2 2 2 2 2 2 2 4 2 2 4 4 2 2 4 2 4 2 2 2 4 2 2 2 2 2 2 2 2 2 2 4 2 2 2 2 2 2 2 2 2 2 2 2 2 4 2 2 2 2 2 2 2 2 2 2 2 2 2 2 2 2 2 2 4 2 2 2 4 2 2 2 2 2 2 2 2 2 2 2 2 2 2 2 
Case 1048576 0.125
6 2 4 2 4 4 2 2 2 4 2 2 2 2 2 2 2 2 2 2 2 2 2 2 2 2 2 2 2 2 2 2 4 2 2 2 2 2 2 2 2 2 4 2 2 2 2 2 2 4 2 2 2 2 6 2 2 2 2 2 2 2 2 4 4 2 4 2 2 2 2 2 2 2 2 2 2 2 2 2 2 2 2 2 2 2 2 2 4 2 2 2 2 4 2 2 2 2 2 2 
Case 1048576 0.25
2 2 2 6 2 2 2 2 2 2 2 2 2 2 2 2 2 2 2 2 2 2 2 2 4 2 2 2 4 4 4 2 4 2 2 2 2 2 2 2 2 2 2 2 2 2 4 2 2 2 2 2 2 2 2 2 2 2 4 2 2 2 2 2 2 2 2 2 4 2 2 2 2 2 2 2 2 2 2 2 2 4 2 2 2 4 2 2 2 4 2 2 2 2 2 2 2 2 2 2 
Case 1048576 0.5
2 2 2 2 2 2 2 4 4 2 2 2 2 4 2 2 2 2 2 2 2 2 2 2 2 2 2 2 2 2 4 2 2 2 4 2 2 2 2 2 2 2 2 4 6 2 2 2 2 4 2 4 2 2 2 2 2 2 2 2 2 2 2 2 2 2 2 2 2 2 2 2 2 4 4 2 2 2 2 2 2 2 2 4 2 2 2 2 2 2 2 2 4 2 2 2 2 2 2 2 
Case 1048576 0.75
2 2 2 2 6 2 2 2 2 2 2 2 2 2 4 2 2 2 2 2 2 2 2 2 2 2 2 4 4 2 2 2 2 2 2 2 2 2 2 2 2 2 4 2 2 6 2 2 2 2 2 2 2 2 2 2 2 2 2 2 2 2 2 2 2 2 2 2 2 2 2 4 4 2 2 2 2 2 2 4 8 2 2 2 2 2 2 2 4 2 2 2 2 4 2 2 4 2 4 2 
Case 1048576 0.875
2 2 2 2 2 2 2 4 2 2 2 2 2 2 2 4 2 4 2 2 2 2 2 2 4 2 2 2 2 2 2 2 2 2 2 2 2 2 2 2 2 2 4 2 2 2 2 2 2 2 2 2 2 2 2 2 2 2 2 2 2 2 2 2 2 2 4 2 2 2 2 2 4 2 2 2 2 2 2 2 2 2 2 2 2 2 2 2 2 2 2 2 4 2 2 2 2 2 2 2 
Case 1048576 0.9375
2 2 2 4 2 4 2 4 2 2 2 2 4 2 6 2 2 6 2 2 4 2 2 2 2 4 2 2 2 2 2 2 2 4 2 2 2 2 2 2 2 2 2 2 4 2 2 2 2 2 2 2 2 2 4 2 4 2 2 2 2 2 2 2 2 2 2 2 4 2 2 2 2 2 2 2 2 2 2 2 2 2 2 2 2 2 2 2 4 2 4 2 2 2 2 2 2 2 6 2 
Case 1048576 0.96875
2 2 2 2 2 2 2 2 2 4 2 2 2 2 2 2 2 2 2 2 2 2 2 2 2 4 2 2 2 4 2 2 2 2 4 2 2 2 2 2 2 2 2 2 4 2 2 4 2 2 4 2 2 2 2 2 8 2 2 4 2 2 2 2 2 2 2 4 2 2 2 2 2 2 2 2 2 2 2 2 2 2 2 2 2 2 2 4 2 2 4 2 2 2 2 4 4 2 2 2 
Case 1048576 0.984375
2 2 2 2 2 2 2 2 2 4 2 2 2 2 4 2 2 2 4 4 2 2 2 2 2 2 4 2 2 2 2 2 2 2 2 2 2 2 2 2 4 2 2 2 2 2 2 2 2 2 2 4 2 2 2 2 2 2 2 4 2 2 2 2 2 2 2 2 2 4 2 2 2 2 2 2 2 2 2 2 2 2 2 2 2 2 2 2 2 2 2 2 2 2 2 2 2 2 2 2 
Case 1048576 0.9921875
2 2 2 2 4 2 2 2 2 4 2 4 2 2 2 2 2 2 2 2 2 2 2 2 2 2 2 2 2 2 2 2 4 2 2 2 2 2 2 2 2 2 2 2 2 2 2 2 2 2 2 2 2 2 4 2 2 2 4 2 2 2 2 2 2 2 2 2 2 2 2 2 2 2 2 2 2 2 2 2 2 2 4 4 2 2 2 2 2 2 4 2 2 2 2 2 2 4 2 4 
Case 1048576 0.99609375
2 4 2 2 2 2 2 2 4 2 2 2 2 2 2 2 2 2 4 2 2 2 2 2 2 2 2 2 2 2 2 2 2 2 2 2 2 2 2 2 2 2 2 2 2 2 2 2 2 2 2 4 2 2 2 2 2 2 2 2 2 2 2 2 2 2 2 2 6 2 4 2 2 2 4 2 2 2 2 2 2 2 2 2 2 2 2 4 2 2 2 2 2 4 2 2 2 2 2 2 
Case 1048576 0.998046875
2 2 2 2 2 2 2 2 2 2 2 2 4 2 2 2 2 4 2 4 2 4 6 2 2 4 2 6 2 2 2 2 2 2 4 2 2 2 2 2 2 2 2 2 2 2 6 2 2 2 2 2 2 2 2 2 2 2 4 2 2 2 2 2 2 2 4 2 2 2 4 2 2 2 2 2 2 2 2 2 4 2 2 2 2 4 2 2 2 6 2 2 2 2 4 2 4 2 2 2 
Case 1048576 0.9990234375
2 2 2 2 2 2 2 2 2 2 2 2 2 4 2 2 2 2 2 4 2 2 2 2 2 2 2 2 2 2 4 2 8 2 2 2 2 2 2 2 2 2 2 2 2 2 6 2 2 2 2 2 2 4 2 2 2 2 4 2 2 2 2 2 2 2 2 2 2 2 2 2 2 2 2 4 2 2 2 2 2 2 2 2 2 2 2 2 2 2 2 2 2 2 4 2 2 2 4 2 
Case 1048576 0.99951171875
2 2 2 2 2 2 2 2 2 4 2 2 2 2 2 2 4 2 4 2 2 2 2 2 4 2 2 2 2 2 2 2 4 2 2 2 2 2 2 2 2 2 2 2 2 2 2 2 4 2 4 2 2 2 2 2 2 2 2 2 2 2 2 2 2 2 2 2 2 4 2 2 2 2 2 2 2 2 2 2 2 2 2 2 2 4 2 2 2 2 2 2 6 4 2 4 4 2 2 2 
Case 1048576 0.999755859375
6 2 4 2 2 2 2 2 2 2 2 2 2 2 2 2 2 2 2 4 2 6 2 2 2 2 2 4 2 2 4 8 2 2 2 2 2 2 2 2 2 2 2 2 6 2 2 2 2 2 4 2 2 2 2 2 2 4 2 2 4 2 2 2 2 2 4 2 2 2 2 2 2 2 2 2 2 2 4 2 2 2 4 2 2 2 2 2 2 4 2 2 2 4 2 2 2 2 2 2 
Case 1048576 0.9998779296875
2 2 2 2 2 2 2 2 2 4 2 2 2 2 4 2 2 2 2 2 2 2 2 4 2 2 2 4 4 2 2 2 6 2 2 2 2 2 2 2 2 4 2 2 2 2 4 2 2 2 2 2 2 2 2 2 2 2 2 2 4 2 2 2 2 2 2 2 2 2 2 2 2 2 2 2 2 2 2 4 2 6 4 2 4 2 2 4 2 2 2 2 2 2 2 2 2 6 2 6 
Case 1048576 0.99993896484375
4 2 4 2 2 10 2 2 4 2 2 8 2 2 2 2 2 2 2 2 2 2 2 2 2 2 2 4 2 2 2 2 4 2 2 2 6 2 4 4 6 4 2 4 2 6 4 4 2 6 2 2 2 2 2 4 4 2 2 2 2 2 2 4 2 2 4 2 2 2 2 2 2 2 2 2 2 2 2 2 2 6 2 4 4 4 2 4 2 2 4 10 4 2 4 2 2 12 2 2 
Case 1048576 0.999969482421875
2 2 4 2 2 2 2 4 2 2 2 2 2 4 2 2 2 2 2 2 2 4 2 4 6 8 2 4 2 2 4 2 4 2 2 2 4 4 4 2 6 4 4 2 2 2 2 4 2 2 2 2 6 4 2 2 4 4 2 6 4 2 4 2 2 6 6 2 6 2 2 4 2 2 2 2 2 2 2 2 2 2 2 2 2 2 2 8 4 2 2 6 2 2 6 4 2 2 2 2 
Case 1048576 0.9999847412109375
2 4 4 2 4 2 2 2 2 2 2 2 2 2 2 2 4 2 4 14 2 2 2 4 2 2 2 4 4 4 4 2 2 2 4 2 4 4 2 2 8 2 12 8 2 2 4 2 2 2 4 2 2 2 4 10 2 2 6 2 2 2 2 2 4 4 2 4 2 2 2 2 2 4 2 2 8 2 2 2 4 2 6 4 10 4 4 2 2 4 4 4 4 2 2 4 2 6 6 4 
Case 1048576 0.9999904632568359
8 6 2 8 6 6 2 2 2 2 2 2 4 4 4 6 2 4 2 4 4 2 4 2 6 6 2 6 4 4 4 2 4 2 2 10 2 4 2 4 2 2 6 2 2 2 4 6 6 2 2 10 6 2 2 4 14 6 2 2 2 14 4 2 2 2 2 4 6 8 4 2 2 4 2 4 4 4 6 4 12 12 4 4 2 6 2 4 4 2 2 2 2 6 2 2 6 2 4 6 
